#                                  2C21 Current (nA):             IPM2C21A.VAL: 4.709682
#                                  2C24 Current (nA):             IPM2C24A.VAL: 4.784805
#                                  2H01 Current (nA):              IPM2H01.VAL: 0.000000
#                               2C21 X position (mm):            IPM2C21A.XPOS: 0.016712
#                               2C24 X position (mm):            IPM2C24A.XPOS: 0.151483
#                               2H01 X position (mm):             IPM2H01.XPOS: 0.000000
#                               2C21 Y position (mm):            IPM2C21A.YPOS: -0.729953
#                               2C24 Y position (mm):            IPM2C24A.YPOS: -0.596672
#                               2H01 Y position (mm):             IPM2H01.YPOS: 0.000000
#                              Tagger Current (Amps):              TMIRBCK.VAL: 2024.099976
#                           Faraday Cup Current (nA):         scaler_calc1.VAL: 0.000000
#                                  Beam Energy (MeV):        MBSY2C_energy.VAL: 5723.996582
#                    2C21 H corrector BDL (gauss-cm):             MBC2C21H.BDL: 0.000000
#                    2C21 V corrector BDL (gauss-cm):             MBC2C21V.BDL: 1882.483398
#                    2C22 H corrector BDL (gauss-cm):             MBC2C22H.BDL: -3180.000000
#                    2C23 V corrector BDL (gauss-cm):             MBC2C23V.BDL: 0.000000
#             post-target H corrector BDL (gauss-cm):             MDN2H01H.BDL: 0.000000
#             post-target V corrector BDL (gauss-cm):             MDN2H01V.BDL: -3401.808594
#                             Hall B duty factor (%):       IGL1I00HALLBDF.VAL: 100.000000
#               Raster Status (1=running, 0=stopped):        raster_status_ttl: 0.000000
#                         OTR-1 status (0=out, 1=in):                     otr1: 0.000000
#                         OTR-2 status (0=out, 1=in):                     otr2: 0.000000
#                           faraday electronics gain:               fcup_slope: 0.000000
#                               SLM electronics gain:                slm_slope: 24537.306641
#                         faraday electronics offset:              fcup_offset: 0.000000
#                             SLM electronics offset:               slm_offset: 164725.000000
18.006060 700000 2 0 0 0 0 0 0 0 0 0 17929 0 6 7 0 -14178.000000 
18.041620 700000 2 0 0 0 0 0 0 0 0 0 18394 2 11 1 0 -14206.000000 
18.074640 700000 0 0 0 0 0 0 0 0 0 0 18703 0 8 0 0 -14232.000000 
18.115280 700000 2 0 0 0 0 0 0 0 0 0 18574 0 11 0 0 -14264.000000 
18.149570 700000 0 0 0 0 0 0 0 0 0 0 19311 0 7 3 0 -14291.000000 
18.191481 700000 0 0 0 0 0 0 0 0 0 0 19247 0 5 1 0 -14317.000000 
18.224501 700000 4 0 0 0 0 0 0 0 0 0 19199 2 10 2 0 -14350.000000 
18.257521 700000 0 0 0 0 0 0 0 0 0 0 18903 0 8 2 0 -14376.000000 
18.299431 700000 0 0 0 0 0 0 0 0 0 0 18930 0 6 1 0 -14409.000000 
18.332451 700000 0 0 0 0 0 0 0 0 0 0 18960 2 4 1 0 -14435.000000 
18.374361 700000 0 0 0 0 0 0 0 0 0 0 19642 0 5 3 0 -14468.000000 
18.407381 700000 0 0 1 0 0 0 0 0 0 1 19270 0 6 1 0 -14494.000000 
18.449289 700000 0 0 0 0 0 0 0 0 0 0 18957 0 6 2 0 -14527.000000 
18.482309 700000 0 0 0 0 0 0 0 0 0 0 19570 0 6 3 0 -14553.000000 
18.524220 700000 2 0 0 0 0 0 0 0 0 0 19469 0 8 0 0 -14586.000000 
18.558510 700000 0 0 0 0 0 0 0 0 0 0 18699 0 4 1 0 -14613.000000 
18.599150 700000 0 0 0 0 0 0 0 0 0 0 18947 0 12 0 0 -14645.000000 
18.632170 700000 0 0 0 0 0 0 0 0 0 0 19366 2 8 2 0 -14671.000000 
18.675350 700000 0 0 0 0 0 0 0 0 0 0 19668 0 4 0 0 -14705.000000 
18.708370 700000 0 0 0 0 0 0 0 0 0 0 19363 0 7 0 0 -14731.000000 
18.749010 700000 0 0 0 0 0 0 0 0 0 0 18432 0 7 0 0 -14757.000000 
18.783300 700000 0 0 0 0 0 0 0 0 0 0 18602 0 10 1 0 -14790.000000 
18.816320 700000 0 0 1 0 0 0 0 0 0 1 18977 0 5 1 0 -14816.000000 
18.858231 700000 0 0 0 0 0 0 0 0 0 0 19958 0 11 1 0 -14849.000000 
18.891251 700000 2 0 0 0 0 0 0 0 0 0 19915 0 7 1 0 -14875.000000 
18.933161 700000 0 0 0 0 0 0 0 0 0 0 20047 0 13 0 0 -14908.000000 
18.966181 700000 0 0 0 0 0 0 0 0 0 0 19716 0 9 2 0 -14934.000000 
19.008091 700000 4 0 0 0 0 0 0 0 0 0 19914 0 5 0 0 -14967.000000 
19.042379 700000 0 0 0 0 0 0 0 0 0 0 19563 0 8 2 0 -14994.000000 
19.083019 700000 2 0 0 0 0 0 0 0 0 0 19644 0 15 1 0 -15026.000000 
19.116039 700000 0 0 0 0 0 0 0 0 0 0 19539 2 6 1 0 -15052.000000 
19.157949 700000 0 0 0 0 0 0 0 0 0 0 19561 0 4 1 0 -15085.000000 
19.192240 700000 0 0 0 0 0 0 0 0 0 0 19914 0 11 2 0 -15112.000000 
19.225260 700000 2 0 0 0 0 0 0 0 0 0 19517 0 8 0 0 -15138.000000 
19.267170 700000 0 0 0 0 0 0 0 0 0 0 19489 0 10 0 0 -15171.000000 
19.300190 700000 2 0 0 0 0 0 0 0 0 0 19369 2 6 0 0 -15197.000000 
19.342100 700000 0 0 0 0 0 0 0 0 0 0 19206 0 14 2 0 -15230.000000 
19.375120 700000 0 0 0 0 0 0 0 0 0 0 19244 4 6 1 0 -15256.000000 
19.417030 700000 0 0 0 0 0 0 0 0 0 0 19341 0 5 0 0 -15289.000000 
19.450050 700000 0 0 0 0 0 0 0 0 0 0 19047 0 8 3 0 -15315.000000 
19.491961 700000 0 0 0 0 0 0 0 0 0 0 17948 0 5 1 0 -15348.000000 
19.524981 700000 0 0 0 0 0 0 0 0 0 0 18506 0 5 2 0 -15374.000000 
19.566891 700000 0 0 0 0 0 0 0 0 0 0 18578 0 11 2 0 -15407.000000 
19.599911 700000 0 0 0 0 0 0 0 0 0 0 18686 2 11 0 0 -15433.000000 
19.632931 700000 0 0 0 0 0 0 0 0 0 0 18790 2 7 3 0 -15459.000000 
19.676109 700000 0 0 0 0 0 0 0 0 0 0 18933 0 9 0 0 -15493.000000 
19.709129 700000 0 1 0 0 0 0 0 0 0 0 19215 0 12 1 0 -15519.000000 
19.749769 700000 0 0 0 0 0 0 0 0 0 0 19003 0 8 3 0 -15551.000000 
19.784060 700000 4 0 0 0 0 0 0 0 0 0 18864 0 8 1 0 -15578.000000 
19.825970 700000 0 0 0 0 0 0 0 0 0 0 19045 0 6 2 0 -15611.000000 
19.858990 700000 0 0 0 0 0 0 0 0 0 0 19197 0 10 1 0 -15637.000000 
19.900900 700000 0 0 0 0 0 0 0 0 0 0 18871 0 10 3 0 -15670.000000 
19.933920 700000 0 0 0 0 0 0 0 0 0 0 19030 0 6 0 0 -15696.000000 
19.975830 700000 0 0 0 0 0 0 0 0 0 0 18780 0 8 0 0 -15729.000000 
20.008850 700000 0 0 0 0 0 0 0 0 0 0 18972 0 7 1 0 -15755.000000 
20.043140 700000 2 0 0 0 0 0 0 0 0 0 18941 0 10 1 0 -15782.000000 
20.083780 700000 0 0 0 0 0 0 0 0 0 0 19188 0 8 3 0 -15814.000000 
20.116800 700000 0 0 0 0 0 0 0 0 0 0 18977 0 8 1 0 -15840.000000 
20.158710 700000 0 0 0 0 0 0 0 0 0 0 19099 2 4 2 0 -15873.000000 
20.193001 700000 0 0 0 0 0 0 0 0 0 0 18865 2 5 1 0 -15900.000000 
20.233641 700000 4 1 0 0 0 0 0 0 0 0 19034 4 10 2 0 -15932.000000 
20.267931 700000 0 0 0 0 0 0 0 0 0 0 19020 2 11 0 0 -15959.000000 
20.309839 700000 0 0 0 0 0 0 0 0 0 0 19140 0 5 6 0 -15992.000000 
20.342859 700000 2 0 0 0 0 0 0 0 0 0 18484 0 6 0 0 -16018.000000 
20.383501 700000 0 0 0 0 0 0 0 0 0 0 18161 0 6 0 0 -16050.000000 
20.417789 700000 0 0 0 0 0 0 0 0 0 0 17972 0 11 1 0 -16077.000000 
20.450809 700000 2 0 0 0 0 0 0 0 0 0 17787 0 6 4 0 -16103.000000 
20.492720 700000 0 0 0 0 0 0 0 0 0 0 18491 0 5 6 0 -16136.000000 
20.525740 700000 0 0 0 0 0 0 0 0 0 0 18851 0 9 1 0 -16162.000000 
20.567650 700000 4 0 0 0 0 0 0 0 0 0 18948 0 4 0 0 -16195.000000 
20.600670 700000 0 0 0 0 0 0 0 0 0 0 19167 0 10 2 0 -16221.000000 
20.642580 700000 0 0 0 0 0 0 0 0 0 0 19353 0 3 2 0 -16254.000000 
20.676870 700000 4 0 0 0 0 0 0 0 0 0 19370 0 8 0 0 -16281.000000 
20.717510 700000 0 0 0 0 0 0 0 0 0 0 19596 0 4 2 0 -16313.000000 
20.750530 700000 0 0 0 0 0 0 0 0 0 0 19441 0 9 1 0 -16339.000000 
20.793711 700000 0 0 1 0 0 0 0 0 0 1 19376 0 7 0 0 -16373.000000 
20.826731 700000 0 0 0 0 0 0 0 0 0 0 19478 0 10 3 0 -16399.000000 
20.859751 700000 0 0 0 0 0 0 0 0 0 0 19065 0 5 1 0 -16425.000000 
20.901661 700000 0 0 0 0 0 0 0 0 0 0 18994 2 14 0 0 -16458.000000 
20.934681 700000 2 0 0 0 0 0 0 0 0 0 19048 0 11 4 0 -16484.000000 
20.976589 700000 0 0 0 0 0 0 0 0 0 0 19134 0 9 1 0 -16517.000000 
21.009609 700000 0 0 0 0 0 0 0 0 0 0 19240 0 11 3 0 -16543.000000 
21.051519 700000 0 0 0 0 0 0 0 0 0 0 19385 0 7 0 0 -16576.000000 
21.084539 700000 0 0 1 0 0 0 0 0 0 1 19122 0 6 0 0 -16602.000000 
21.126450 700000 0 0 0 0 0 0 0 0 0 0 19600 0 16 1 0 -16635.000000 
21.159470 700000 2 0 0 0 0 0 0 0 0 0 19653 2 6 1 0 -16661.000000 
21.201380 700000 0 0 0 0 0 0 0 0 0 0 19478 0 6 1 0 -16694.000000 
21.234400 700000 2 0 0 0 0 0 0 0 0 0 19248 0 9 1 0 -16720.000000 
21.276310 700000 0 0 0 0 0 0 0 0 0 0 19107 0 8 3 0 -16753.000000 
21.310600 700000 0 0 0 0 0 0 0 0 0 0 19246 0 10 2 0 -16780.000000 
21.343620 700000 0 0 0 0 0 0 0 0 0 0 18962 0 9 1 0 -16806.000000 
21.385530 700000 0 0 0 0 0 0 0 0 0 0 18964 2 4 0 0 -16839.000000 
21.418550 700000 0 0 0 0 0 0 0 0 0 0 18796 4 13 1 0 -16865.000000 
21.460461 700000 0 0 0 0 0 0 0 0 0 0 19019 0 6 2 0 -16898.000000 
21.493481 700000 0 0 0 0 0 0 0 0 0 0 19430 0 5 2 0 -16924.000000 
21.535391 700000 2 0 0 0 0 0 0 0 0 0 19419 4 13 2 0 -16957.000000 
21.568411 700000 0 0 0 0 0 0 0 0 0 0 19525 0 9 1 0 -16983.000000 
21.610321 700000 0 1 0 0 0 0 0 0 0 0 20055 2 9 0 0 -17016.000000 
21.643341 700000 0 0 0 0 0 0 0 0 0 0 19752 2 10 0 0 -17042.000000 
21.685249 700000 0 0 0 0 0 0 0 0 0 0 20026 0 7 1 0 -17075.000000 
21.718269 700000 0 0 1 0 0 0 0 0 0 1 20018 0 9 4 0 -17101.000000 
21.760180 700000 2 0 0 0 0 0 0 0 0 0 19817 0 10 4 0 -17134.000000 
21.794470 700000 0 0 0 0 0 0 0 0 0 0 19855 0 9 1 0 -17161.000000 
21.827490 700000 0 0 0 0 0 0 0 0 0 0 19649 0 10 0 0 -17187.000000 
21.868130 700000 0 0 0 0 0 0 0 0 0 0 19743 0 4 3 0 -17219.000000 
21.902420 700000 0 0 0 0 0 0 0 0 0 0 19967 0 12 0 0 -17246.000000 
21.944330 700000 0 0 0 0 0 0 0 0 0 0 20100 0 13 3 0 -17279.000000 
21.977350 700000 0 0 0 0 0 0 0 0 0 0 20046 0 18 3 0 -17305.000000 
22.019260 700000 0 0 0 0 0 0 0 0 0 0 20113 2 10 1 0 -17338.000000 
22.052280 700000 0 0 0 0 0 0 0 0 0 0 20061 0 4 3 0 -17364.000000 
22.094191 700000 2 0 0 0 0 0 0 0 0 0 19906 2 10 2 0 -17397.000000 
22.127211 700000 0 0 0 0 0 0 0 0 0 0 20231 2 7 2 0 -17423.000000 
22.169121 700000 0 0 0 0 0 0 0 0 0 0 20053 0 12 3 0 -17456.000000 
22.202141 700000 0 0 1 0 0 0 0 0 0 1 20224 0 17 1 0 -17482.000000 
22.244051 700000 2 0 0 0 0 0 0 0 0 0 20341 0 9 0 0 -17515.000000 
22.277071 700000 0 1 0 0 0 0 0 0 0 0 20478 0 10 3 0 -17541.000000 
22.318979 700000 0 0 0 0 0 0 0 0 0 0 20220 2 16 2 0 -17574.000000 
22.351999 700000 0 0 0 0 0 0 0 0 0 0 20502 0 10 0 0 -17600.000000 
22.386290 700000 0 0 0 0 0 0 0 0 0 0 20163 0 9 1 0 -17627.000000 
22.428200 700000 0 0 0 0 0 0 0 0 0 0 20529 2 16 0 0 -17660.000000 
22.468840 700000 0 0 0 0 0 0 0 0 0 0 20491 0 5 0 0 -17686.000000 
22.501860 700000 0 0 0 0 0 0 0 0 0 0 20762 0 10 0 0 -17718.000000 
22.536150 700000 2 0 0 0 0 0 0 0 0 0 20486 0 7 0 0 -17745.000000 
22.578060 700000 0 0 0 0 0 0 0 0 0 0 20794 0 7 4 0 -17778.000000 
22.611080 700000 2 0 0 0 0 0 0 0 0 0 20642 2 8 1 0 -17804.000000 
22.652990 700000 0 0 0 0 0 0 0 0 0 0 20847 0 9 1 0 -17837.000000 
22.686010 700000 0 0 0 0 0 0 0 0 0 0 20586 4 6 1 0 -17863.000000 
22.727921 700000 0 0 0 0 0 0 0 0 0 0 20753 0 8 3 0 -17896.000000 
22.760941 700000 0 0 0 0 0 0 0 0 0 0 20425 0 5 4 0 -17922.000000 
22.828251 700000 0 0 0 0 0 0 0 0 0 0 20057 2 11 0 0 -17975.000000 
22.861271 700000 0 0 0 0 0 0 0 0 0 0 19062 0 10 2 0 -18001.000000 
22.903181 700000 0 0 0 0 0 0 0 0 0 0 19370 0 8 2 0 -18034.000000 
22.936201 700000 0 0 0 0 0 0 0 0 0 0 18975 0 7 0 0 -18060.000000 
22.978109 700000 2 0 0 0 0 0 0 0 0 0 19436 0 9 1 0 -18093.000000 
23.011129 700000 0 0 0 0 0 0 0 0 0 0 20037 0 12 0 0 -18119.000000 
23.053040 700000 0 0 0 0 0 0 0 0 0 0 20030 0 8 3 0 -18152.000000 
23.086060 700000 0 1 0 0 0 0 0 0 0 0 20098 0 12 1 0 -18178.000000 
23.127970 700000 0 0 0 0 0 0 0 0 0 0 20356 0 4 1 0 -18211.000000 
23.160990 700000 0 0 0 0 0 0 0 0 0 0 20332 0 8 2 0 -18237.000000 
23.202900 700000 0 0 0 0 0 0 0 0 0 0 20507 0 12 0 0 -18270.000000 
23.235920 700000 0 0 0 0 0 0 0 0 0 0 20611 0 4 0 0 -18296.000000 
23.270210 700000 0 0 0 0 0 0 0 0 0 0 20580 0 5 2 0 -18323.000000 
23.312120 700000 0 0 0 0 0 0 0 0 0 0 20770 2 8 1 0 -18356.000000 
23.352760 700000 0 0 0 0 0 0 0 0 0 0 20703 2 4 3 0 -18388.000000 
23.394670 700000 0 0 0 0 0 0 0 0 0 0 20195 0 5 0 0 -18421.000000 
23.436581 700000 0 1 0 0 0 0 0 0 0 0 20258 0 6 3 0 -18448.000000 
23.486111 700000 2 0 0 0 0 0 0 0 0 0 20679 0 14 0 0 -18493.000000 
23.520401 700000 0 0 0 0 0 0 0 0 0 0 20593 0 12 1 0 -18520.000000 
23.562309 700000 0 0 0 0 0 0 0 0 0 0 19978 0 9 2 0 -18553.000000 
23.595329 700000 0 0 0 0 0 0 0 0 0 0 19563 0 10 0 0 -18579.000000 
23.637239 700000 0 0 0 0 0 0 0 0 0 0 19673 0 11 0 0 -18612.000000 
23.670259 700000 2 0 0 0 0 0 0 0 0 0 19722 0 8 2 0 -18638.000000 
23.712170 700000 0 0 0 0 0 0 0 0 0 0 19512 0 6 0 0 -18664.000000 
23.745190 700000 0 0 0 0 0 0 0 0 0 0 19570 0 9 0 0 -18697.000000 
23.778210 700000 2 0 0 0 0 0 0 0 0 0 19128 0 13 1 0 -18723.000000 
23.820120 700000 0 0 0 0 0 0 0 0 0 0 19235 0 9 1 0 -18756.000000 
23.853140 700000 0 0 0 0 0 0 0 0 0 0 19424 0 12 0 0 -18782.000000 
23.895050 700000 0 0 0 0 0 0 0 0 0 0 19525 0 7 0 0 -18815.000000 
23.929340 700000 0 0 1 0 0 0 0 0 1 0 19400 0 11 1 0 -18842.000000 
23.969980 700000 0 0 0 0 0 0 0 0 0 0 19538 0 10 0 0 -18874.000000 
24.004271 700000 0 0 0 0 0 0 0 0 0 0 19415 0 6 3 0 -18901.000000 
24.046181 700000 0 0 0 0 0 0 0 0 0 0 19522 2 4 2 0 -18934.000000 
24.079201 700000 0 0 0 0 0 0 0 0 0 0 19595 2 12 0 0 -18960.000000 
24.119841 700000 0 0 0 0 0 0 0 0 0 0 19820 0 9 2 0 -18992.000000 
24.154131 700000 0 0 0 0 0 0 0 0 0 0 19673 0 8 1 0 -19019.000000 
24.187151 700000 0 0 0 0 0 0 0 0 0 0 19799 0 10 1 0 -19045.000000 
24.229059 700000 0 0 0 0 0 0 0 0 0 0 19717 0 9 1 0 -19078.000000 
24.262079 700000 0 0 0 0 0 0 0 0 0 0 19758 0 8 0 0 -19104.000000 
24.303989 700000 2 0 0 0 0 0 0 0 0 0 19572 0 9 0 0 -19137.000000 
24.337009 700000 0 0 0 1 0 0 0 0 0 0 19472 0 12 2 0 -19163.000000 
24.378920 700000 0 1 0 0 0 0 0 0 0 0 19331 0 2 0 0 -19196.000000 
24.411940 700000 0 0 0 0 0 0 0 0 0 0 19332 0 5 1 0 -19222.000000 
24.453850 700000 0 0 0 0 0 0 0 0 0 0 19796 0 11 1 0 -19255.000000 
24.486870 700000 2 0 0 0 0 0 0 0 0 0 19766 0 5 2 0 -19281.000000 
24.528780 700000 0 0 0 0 0 0 0 0 0 0 19886 2 7 1 0 -19314.000000 
24.563070 700000 0 1 0 0 0 0 0 0 0 0 20157 0 5 1 0 -19341.000000 
24.603710 700000 0 0 0 0 0 0 0 0 0 0 19756 0 13 2 0 -19373.000000 
24.638000 700000 0 0 0 0 0 0 0 0 0 0 20122 0 7 4 0 -19400.000000 
24.679911 700000 6 0 0 0 0 0 0 0 0 0 19649 0 7 4 0 -19433.000000 
24.712931 700000 0 0 0 0 0 0 0 0 0 0 19809 2 4 2 0 -19459.000000 
24.745951 700000 0 0 0 0 0 0 0 0 0 0 19815 0 4 1 0 -19485.000000 
24.787861 700000 0 0 0 0 0 0 0 0 0 0 19753 2 5 0 0 -19518.000000 
24.820881 700000 0 0 0 0 0 0 0 0 0 0 19608 0 12 2 0 -19544.000000 
24.862791 700000 2 0 0 0 0 0 0 0 0 0 19890 0 8 1 0 -19577.000000 
24.895811 700000 0 0 0 0 0 0 0 0 0 0 19655 0 5 3 0 -19603.000000 
24.937719 700000 0 0 0 0 0 0 0 0 0 0 19811 2 16 0 0 -19636.000000 
24.970739 700000 0 0 0 0 0 0 0 0 0 0 19604 0 10 4 0 -19662.000000 
25.012650 700000 0 0 0 0 0 0 0 0 0 0 19142 4 11 1 0 -19695.000000 
25.046940 700000 0 0 0 0 0 0 0 0 0 0 19315 0 12 1 0 -19722.000000 
25.087580 700000 0 0 0 0 0 0 0 0 0 0 19519 2 7 3 0 -19754.000000 
25.120600 700000 2 0 0 0 0 0 0 0 0 0 19252 0 7 0 0 -19780.000000 
25.154890 700000 2 0 0 0 0 0 0 0 0 0 19215 0 7 1 0 -19807.000000 
25.196800 700000 0 0 0 0 0 0 0 0 0 0 19356 0 8 2 0 -19840.000000 
25.229820 700000 0 0 0 0 0 0 0 0 0 0 19406 0 10 0 0 -19866.000000 
25.271730 700000 0 0 0 0 0 0 0 0 0 0 19196 0 9 0 0 -19899.000000 
25.304750 700000 0 0 0 0 0 0 0 0 0 0 18759 0 7 2 0 -19925.000000 
25.346661 700000 0 0 0 0 0 0 0 0 0 0 18185 0 10 1 0 -19958.000000 
25.379681 700000 0 0 0 0 0 0 0 0 0 0 18053 2 5 0 0 -19984.000000 
25.421591 700000 0 0 1 0 0 0 0 0 0 1 18058 0 6 0 0 -20017.000000 
25.454611 700000 0 0 0 0 0 0 0 0 0 0 17803 0 7 0 0 -20043.000000 
25.496521 700000 0 0 0 0 0 0 0 0 0 0 18213 0 13 1 0 -20076.000000 
25.529541 700000 0 0 0 0 0 0 0 0 0 0 18804 0 8 0 0 -20102.000000 
25.571449 700000 0 0 0 0 0 0 0 0 0 0 18819 0 3 0 0 -20135.000000 
25.604469 700000 0 0 0 0 0 0 0 0 0 0 18937 0 10 2 0 -20161.000000 
25.646379 700000 0 0 0 0 0 0 0 0 0 0 19096 0 7 3 0 -20194.000000 
25.680670 700000 0 0 0 0 0 0 0 0 0 0 19039 2 6 0 0 -20221.000000 
25.713690 700000 0 0 0 0 0 0 0 0 0 0 19270 0 9 0 0 -20247.000000 
25.755600 700000 0 0 0 0 0 0 0 0 0 0 19315 0 8 2 0 -20280.000000 
25.788620 700000 0 0 0 0 0 0 0 0 0 0 19091 0 7 0 0 -20306.000000 
25.830530 700000 0 0 0 0 0 0 0 0 0 0 18929 0 5 0 0 -20339.000000 
25.863550 700000 0 0 0 0 0 0 0 0 0 0 19460 0 5 1 0 -20365.000000 
25.905460 700000 0 0 0 0 0 0 0 0 0 0 19217 0 11 0 0 -20398.000000 
25.938480 700000 2 0 0 0 0 0 0 0 0 0 19107 2 7 2 0 -20424.000000 
25.980391 700000 0 1 0 0 0 0 0 0 0 0 19208 0 13 1 0 -20457.000000 
26.013411 700000 2 0 0 0 0 0 0 0 0 0 19502 0 12 0 0 -20483.000000 
26.055321 700000 0 0 0 0 0 0 0 0 0 0 19062 0 8 2 0 -20516.000000 
26.088341 700000 0 0 1 1 0 0 1 0 1 0 19215 0 6 2 0 -20542.000000 
26.130251 700000 0 0 0 0 0 0 0 0 0 0 18823 0 10 0 0 -20575.000000 
26.163271 700000 0 0 0 0 0 0 0 0 0 0 18936 0 8 3 0 -20601.000000 
26.197559 700000 0 0 0 0 0 0 0 0 0 0 18967 2 11 3 0 -20628.000000 
26.238199 700000 0 0 0 0 0 0 0 0 0 0 18806 0 4 0 0 -20660.000000 
26.272490 700000 0 0 0 0 0 0 0 0 0 0 18643 0 7 0 0 -20687.000000 
26.314400 700000 2 0 0 0 0 0 0 0 0 0 19076 2 7 1 0 -20720.000000 
26.347420 700000 0 0 1 0 0 0 0 0 1 0 18884 0 7 1 0 -20746.000000 
26.389330 700000 0 0 0 0 0 0 0 0 0 0 18983 0 13 3 0 -20779.000000 
26.422350 700000 0 0 0 0 0 0 0 0 0 0 18961 0 6 0 0 -20805.000000 
26.464260 700000 2 0 0 0 0 0 0 0 0 0 19132 0 7 1 0 -20838.000000 
26.497280 700000 0 0 0 0 0 0 0 0 0 0 19070 0 10 0 0 -20864.000000 
26.539190 700000 2 0 0 0 0 0 0 0 0 0 19341 2 7 5 0 -20897.000000 
26.572210 700000 0 0 0 0 0 0 0 0 0 0 19568 0 10 2 0 -20923.000000 
26.614120 700000 0 1 0 0 1 0 0 0 0 0 19671 0 15 1 0 -20956.000000 
26.647141 700000 0 0 0 0 0 0 0 0 0 0 19815 2 11 1 0 -20982.000000 
26.681431 700000 0 0 0 0 0 0 0 0 0 0 19380 0 8 0 0 -21009.000000 
26.722071 700000 0 0 0 0 0 0 0 0 0 0 19505 2 14 1 0 -21041.000000 
26.756361 700000 0 0 0 0 0 0 0 0 0 0 19170 0 8 1 0 -21068.000000 
26.798269 700000 2 0 0 0 0 0 0 0 0 0 19251 0 11 1 0 -21101.000000 
26.831289 700000 0 0 0 0 0 0 0 0 0 0 18922 0 5 0 0 -21127.000000 
26.873199 700000 0 0 0 0 0 0 0 0 0 0 19024 0 4 1 0 -21160.000000 
26.906219 700000 2 0 0 0 0 0 0 0 0 0 18953 0 6 0 0 -21186.000000 
26.948130 700000 0 0 0 0 0 0 0 0 0 0 18910 0 12 2 0 -21219.000000 
26.981150 700000 0 0 0 0 0 0 0 0 0 0 18880 0 8 0 0 -21245.000000 
27.023060 700000 0 0 0 0 0 0 0 0 0 0 19019 2 7 3 0 -21278.000000 
27.056080 700000 0 0 0 0 0 0 0 0 0 0 18751 0 4 1 0 -21304.000000 
27.089100 700000 0 0 0 0 0 0 0 0 0 0 18769 0 6 5 0 -21330.000000 
27.131010 700000 2 0 0 0 0 0 0 0 0 0 18807 2 8 1 0 -21363.000000 
27.164030 700000 0 0 0 0 0 0 0 0 0 0 19058 0 9 2 0 -21389.000000 
27.205940 700000 0 1 0 0 0 0 0 0 0 0 18976 0 5 0 0 -21422.000000 
27.238960 700000 0 0 0 0 0 0 0 0 0 0 18839 2 10 1 0 -21448.000000 
27.280870 700000 2 0 0 0 0 0 0 0 0 0 18611 2 8 0 0 -21481.000000 
27.315161 700000 0 0 0 0 0 0 0 0 0 0 18972 2 11 0 0 -21508.000000 
27.355801 700000 0 0 0 0 0 0 0 0 0 0 19366 2 15 1 0 -21540.000000 
27.390091 700000 2 0 0 0 0 0 0 0 0 0 19087 0 7 0 0 -21567.000000 
27.432001 700000 0 0 0 0 0 0 0 0 0 0 18922 0 6 1 0 -21600.000000 
27.465019 700000 0 0 0 0 0 0 0 0 0 0 19033 0 7 2 0 -21626.000000 
27.506929 700000 0 0 0 0 0 0 0 0 0 0 19353 0 9 1 0 -21659.000000 
27.539949 700000 0 0 0 0 0 0 0 0 0 0 18866 0 7 1 0 -21685.000000 
27.572969 700000 0 0 0 0 0 0 0 0 0 0 18508 0 8 0 0 -21711.000000 
27.614880 700000 0 0 0 0 0 0 0 0 0 0 18929 0 4 3 0 -21744.000000 
27.647900 700000 2 0 0 0 0 0 0 0 0 0 18995 2 6 3 0 -21770.000000 
27.689810 700000 0 0 0 0 0 0 0 0 0 0 19487 0 14 1 0 -21803.000000 
27.722830 700000 2 0 0 0 1 0 0 0 0 0 18902 0 7 1 0 -21829.000000 
27.764740 700000 0 0 0 0 0 0 0 0 0 0 19077 0 5 1 0 -21862.000000 
27.799030 700000 2 0 0 0 0 0 0 0 0 0 18288 0 5 1 0 -21889.000000 
27.839670 700000 0 0 1 0 0 0 0 0 1 0 17429 0 7 3 0 -21921.000000 
27.873960 700000 0 0 0 0 0 0 0 0 0 0 17503 0 5 3 0 -21948.000000 
27.914600 700000 2 1 0 0 0 0 0 0 0 0 17411 2 7 0 0 -21980.000000 
27.948891 700000 0 0 0 0 0 0 0 0 0 0 17963 2 2 0 0 -22007.000000 
27.990801 700000 0 0 0 0 0 0 0 0 0 0 18537 0 12 3 0 -22040.000000 
28.023821 700000 0 0 0 0 0 0 0 0 0 0 18410 0 10 2 0 -22066.000000 
28.056841 700000 0 0 0 0 1 0 0 0 0 0 18301 2 9 0 0 -22092.000000 
28.098751 700000 0 0 0 0 0 0 0 0 0 0 18367 0 8 0 0 -22125.000000 
28.131771 700000 0 0 0 0 0 0 0 0 0 0 18534 0 9 1 0 -22151.000000 
28.173679 700000 0 0 0 0 0 0 0 0 0 0 18747 0 6 0 0 -22184.000000 
28.206699 700000 0 0 0 0 0 0 0 0 0 0 18764 0 8 2 0 -22210.000000 
28.248610 700000 0 0 0 0 1 0 0 0 0 0 18797 4 12 1 0 -22243.000000 
28.281630 700000 0 1 0 0 0 0 0 0 0 0 18992 0 13 0 0 -22269.000000 
28.323540 700000 0 0 0 0 0 0 0 0 0 0 19016 2 10 1 0 -22302.000000 
28.356560 700000 2 0 0 0 1 0 0 0 0 0 18931 0 9 0 0 -22328.000000 
28.398470 700000 0 0 0 0 3 0 0 0 0 0 19056 0 8 3 0 -22361.000000 
28.432760 700000 0 0 0 0 9 0 0 0 0 0 19222 2 19 1 0 -22388.000000 
28.465780 700000 2 1 0 0 18 0 0 0 0 0 19236 0 57 1 0 -22414.000000 
28.507690 700000 8 7 1 0 60 15 0 0 1 0 19717 10 114 4 0 -22447.000000 
28.540710 700000 18 18 0 0 104 12 0 0 0 0 19626 0 226 7 0 -22473.000000 
28.582621 700000 32 31 0 0 222 26 0 0 0 0 19476 8 412 13 0 -22506.000000 
28.615641 700000 50 64 0 0 389 56 0 0 0 0 19415 16 660 22 0 -22532.000000 
28.657551 700000 66 87 0 0 701 82 0 0 0 0 19503 28 1194 43 0 -22565.000000 
28.690571 700000 142 130 0 0 1070 159 0 0 0 0 19687 38 1731 53 0 -22591.000000 
28.732481 700000 158 155 0 0 1329 151 0 0 0 0 19395 62 2281 76 0 -22624.000000 
28.765501 700000 208 203 0 0 1638 201 0 0 0 0 19572 92 2593 72 0 -22650.000000 
28.807409 700000 208 208 0 0 1821 241 0 0 0 0 19361 56 3088 79 0 -22683.000000 
28.840429 700000 202 214 0 0 1896 222 0 1 0 0 19634 74 3100 95 0 -22709.000000 
28.882339 700000 222 234 0 0 1807 233 0 0 0 0 19477 78 3033 66 0 -22742.000000 
28.915359 700000 192 198 1 0 1646 199 0 0 0 1 19447 70 2653 76 0 -22768.000000 
28.957270 700000 186 149 0 0 1301 169 0 0 0 0 19323 58 2212 60 0 -22795.000000 
28.991560 700000 106 116 0 0 987 129 0 0 0 0 19453 38 1464 39 0 -22828.000000 
29.024580 700000 58 79 0 0 628 95 0 0 0 0 19225 24 1044 23 0 -22854.000000 
29.066490 700000 32 51 0 0 376 46 0 0 0 0 19321 12 606 16 0 -22887.000000 
29.099510 700000 28 23 0 0 248 30 0 0 0 0 19218 20 336 9 0 -22913.000000 
29.141420 700000 22 20 0 0 136 21 0 0 0 0 19554 8 228 3 0 -22946.000000 
29.174440 700000 6 8 0 0 82 9 0 0 0 0 19540 4 145 3 0 -22972.000000 
29.216351 700000 8 6 0 0 25 3 0 0 0 0 19615 0 50 4 0 -23005.000000 
29.249371 700000 0 1 0 0 12 4 0 0 0 0 19461 0 28 0 0 -23031.000000 
29.291281 700000 0 0 0 0 5 2 0 0 0 0 19569 0 21 3 0 -23064.000000 
29.324301 700000 2 0 0 0 4 0 0 0 0 0 19237 0 13 1 0 -23090.000000 
29.366211 700000 0 0 0 0 1 0 0 0 0 0 19158 2 8 0 0 -23123.000000 
29.399231 700000 0 0 1 0 0 0 0 0 0 1 19404 0 9 1 0 -23149.000000 
29.441141 700000 0 0 0 0 0 0 0 0 0 0 19299 0 7 1 0 -23182.000000 
29.474159 700000 0 1 0 0 0 0 0 0 0 0 19226 0 9 2 0 -23208.000000 
29.516069 700000 0 0 0 0 0 0 0 0 0 0 19212 0 7 2 0 -23241.000000 
29.550360 700000 0 0 0 0 0 0 0 0 0 0 19272 0 9 0 0 -23268.000000 
29.583380 700000 0 0 0 0 0 0 0 0 0 0 19335 2 13 1 0 -23294.000000 
29.625290 700000 0 0 0 0 0 0 0 0 0 0 19039 0 5 0 0 -23327.000000 
29.658310 700000 0 0 0 0 1 1 0 0 0 0 19386 0 10 1 0 -23353.000000 
29.700220 700000 0 0 0 0 0 0 0 0 0 0 19256 0 9 1 0 -23386.000000 
29.733240 700000 0 0 0 0 0 0 0 0 0 0 18813 0 9 2 0 -23412.000000 
29.775150 700000 0 0 0 0 0 0 0 0 0 0 18945 0 12 2 0 -23445.000000 
29.808170 700000 0 0 1 0 0 0 0 0 1 0 18990 0 8 1 0 -23471.000000 
29.850080 700000 2 0 0 0 0 0 0 0 0 0 19064 0 6 2 0 -23504.000000 
29.883101 700000 0 0 0 0 0 0 0 0 0 0 19292 2 15 1 0 -23530.000000 
29.925011 700000 0 0 0 0 0 0 0 0 0 0 19260 4 9 1 0 -23563.000000 
29.958031 700000 0 0 0 0 0 0 0 0 0 0 19424 0 10 2 0 -23589.000000 
29.999941 700000 0 0 0 0 0 0 0 0 0 0 19503 0 9 1 0 -23622.000000 
30.032961 700000 2 0 0 0 0 0 0 0 0 0 19303 0 11 0 0 -23648.000000 
30.067249 700000 2 0 0 0 0 0 0 0 0 0 19476 0 3 0 0 -23675.000000 
30.107891 700000 0 0 0 0 0 0 0 0 0 0 19707 0 7 2 0 -23707.000000 
30.142179 700000 0 0 0 0 0 0 0 0 0 0 19593 2 10 1 0 -23734.000000 
30.184090 700000 0 0 0 0 0 0 0 0 0 0 19570 2 9 1 0 -23767.000000 
30.217110 700000 0 0 0 0 0 0 0 0 0 0 19433 2 7 0 0 -23793.000000 
30.259020 700000 0 0 0 0 0 0 0 0 0 0 19339 2 6 0 0 -23826.000000 
30.292040 700000 0 0 0 0 0 0 0 0 0 0 19223 0 7 2 0 -23852.000000 
30.333950 700000 0 0 0 0 0 0 0 0 0 0 18208 0 11 1 0 -23885.000000 
30.366970 700000 0 1 0 0 0 0 0 0 0 0 18047 0 5 1 0 -23911.000000 
30.408880 700000 2 0 0 0 0 0 0 0 0 0 17718 0 6 1 0 -23944.000000 
30.441900 700000 0 0 0 0 0 0 0 0 0 0 17763 0 10 2 0 -23970.000000 
30.483810 700000 0 0 0 0 0 0 0 0 0 0 18039 0 8 2 0 -24003.000000 
30.516830 700000 0 0 0 0 0 0 0 0 0 0 18356 0 6 1 0 -24029.000000 
30.551121 700000 0 0 0 0 0 0 0 0 0 0 18445 2 6 0 0 -24056.000000 
30.591761 700000 4 0 0 0 0 0 0 0 0 0 19061 2 7 3 0 -24088.000000 
30.626051 700000 2 0 0 0 0 0 0 0 0 0 19042 0 10 1 0 -24115.000000 
30.666691 700000 0 0 0 0 0 0 0 0 0 0 19155 0 13 0 0 -24147.000000 
30.700981 700000 0 0 0 0 0 0 0 0 0 0 18991 2 2 4 0 -24174.000000 
30.742889 700000 4 0 0 0 0 0 0 0 0 0 19170 0 12 1 0 -24207.000000 
30.775909 700000 2 0 0 0 0 0 0 0 0 0 19400 0 9 3 0 -24233.000000 
30.817820 700000 0 1 0 0 0 0 0 0 0 0 19099 4 13 1 0 -24266.000000 
30.850840 700000 0 0 0 0 0 0 0 0 0 0 19208 0 12 2 0 -24292.000000 
30.892750 700000 0 0 0 0 0 0 0 0 0 0 19169 0 8 0 0 -24325.000000 
30.925770 700000 0 0 0 0 0 0 0 0 0 0 19220 0 6 4 0 -24351.000000 
30.958790 700000 0 0 0 0 0 0 0 0 0 0 19343 0 5 1 0 -24377.000000 
31.000700 700000 0 0 0 0 0 0 0 0 0 0 18354 2 6 3 0 -24410.000000 
31.033720 700000 0 0 0 0 0 0 0 0 0 0 18435 2 7 0 0 -24436.000000 
31.075630 700000 0 0 0 0 0 0 0 0 0 0 18963 0 2 1 0 -24469.000000 
31.109921 700000 2 0 0 0 0 0 0 0 0 0 18842 0 14 1 0 -24496.000000 
31.150560 700000 0 0 0 0 0 0 0 0 0 0 18793 0 8 3 0 -24528.000000 
31.184851 700000 0 0 0 0 0 0 0 0 0 0 19011 2 6 3 0 -24555.000000 
31.225491 700000 0 0 0 0 0 0 0 0 0 0 18797 2 4 0 0 -24587.000000 
31.259781 700000 0 0 0 0 0 0 0 0 0 0 18727 0 1 0 0 -24614.000000 
31.301691 700000 0 0 0 0 0 0 0 0 0 0 18744 0 3 1 0 -24647.000000 
31.334711 700000 0 0 0 0 0 0 0 0 0 0 18573 0 11 0 0 -24673.000000 
31.367731 700000 0 0 0 0 0 0 0 0 0 0 18509 0 4 1 0 -24699.000000 
31.409639 700000 0 0 0 0 0 0 0 0 0 0 18751 0 7 1 0 -24732.000000 
31.442659 700000 0 0 0 0 0 0 0 0 0 0 18586 0 7 1 0 -24758.000000 
31.484570 700000 0 1 0 0 0 0 0 0 0 0 18519 2 7 1 0 -24791.000000 
31.517590 700000 2 0 0 0 0 0 0 0 0 0 18388 2 8 1 0 -24817.000000 
31.559500 700000 0 0 0 0 0 0 0 0 0 0 18465 2 9 3 0 -24850.000000 
31.592520 700000 0 0 0 0 0 0 0 0 0 0 18754 0 6 0 0 -24876.000000 
31.634430 700000 0 0 0 0 0 0 0 0 0 0 18915 2 9 1 0 -24909.000000 
31.667450 700000 2 1 0 0 0 0 0 0 0 0 18947 0 7 1 0 -24935.000000 
31.709360 700000 0 0 0 0 0 0 0 0 0 0 19012 0 5 2 0 -24968.000000 
31.743650 700000 0 0 0 0 0 0 0 0 0 0 18176 0 10 1 0 -24995.000000 
31.784290 700000 2 0 0 0 0 0 0 0 0 0 18310 0 8 2 0 -25027.000000 
31.818581 700000 0 0 0 0 0 0 0 0 0 0 18660 0 8 3 0 -25054.000000 
31.851601 700000 0 0 0 0 0 0 0 0 0 0 18826 0 7 0 0 -25080.000000 
31.893511 700000 2 0 0 0 0 0 0 0 0 0 18965 0 11 1 0 -25113.000000 
31.926531 700000 2 0 0 0 0 0 0 0 0 0 18857 2 11 4 0 -25139.000000 
31.968441 700000 0 0 0 0 0 0 0 0 0 0 19221 2 8 2 0 -25172.000000 
32.001461 700000 0 0 0 0 0 0 0 0 0 0 19035 0 10 2 0 -25198.000000 
32.043369 700000 0 0 0 0 0 0 0 0 0 0 19003 2 4 0 0 -25231.000000 
32.068771 700000 0 0 0 0 0 0 0 0 0 0 19232 2 6 1 0 -25251.000000 
32.143700 700000 0 0 0 0 0 0 0 0 0 0 19136 4 7 1 0 -25310.000000 
32.185612 700000 2 0 0 0 0 0 0 0 0 0 19073 0 8 2 0 -25343.000000 
32.218632 700000 2 0 0 0 0 0 0 0 0 0 18893 4 6 1 0 -25369.000000 
32.251652 700000 0 0 0 0 0 0 0 0 0 0 18963 2 11 3 0 -25395.000000 
32.293560 700000 2 0 0 0 0 0 0 0 0 0 18996 0 9 2 0 -25428.000000 
32.326580 700000 0 0 0 0 0 0 0 0 0 0 18874 0 5 2 0 -25454.000000 
32.368488 700000 0 0 0 0 0 0 0 0 0 0 18786 0 11 2 0 -25487.000000 
32.401508 700000 0 0 0 0 0 0 0 0 0 0 19083 0 10 1 0 -25513.000000 
32.443420 700000 0 0 0 0 0 0 0 0 0 0 18733 0 6 2 0 -25546.000000 
32.477711 700000 0 0 0 0 1 0 0 0 0 0 19035 0 10 2 0 -25573.000000 
32.518349 700000 0 0 0 0 0 0 0 0 0 0 18778 0 4 2 0 -25605.000000 
32.552639 700000 0 0 0 0 0 0 0 0 0 0 19198 2 7 1 0 -25632.000000 
32.593281 700000 0 0 0 0 0 0 0 0 0 0 19330 2 9 1 0 -25664.000000 
32.627571 700000 0 0 0 0 0 0 0 0 0 0 19073 0 7 1 0 -25691.000000 
32.660591 700000 0 0 0 0 0 0 0 0 0 0 19121 0 9 0 0 -25717.000000 
32.702499 700000 0 0 0 0 0 0 0 0 0 0 19144 0 4 3 0 -25750.000000 
32.735519 700000 0 0 0 0 0 0 0 0 0 0 18941 0 6 2 0 -25776.000000 
32.777431 700000 0 0 0 0 0 0 0 0 0 0 19096 0 6 6 0 -25809.000000 
32.810452 700000 0 0 0 0 0 0 0 0 0 0 18250 0 8 2 0 -25835.000000 
32.852360 700000 0 0 0 0 0 0 0 0 0 0 17761 0 4 2 0 -25868.000000 
32.885380 700000 0 0 0 0 0 0 0 0 0 0 17458 2 9 1 0 -25894.000000 
32.927292 700000 0 0 0 0 0 0 0 0 0 0 17479 0 4 0 0 -25927.000000 
32.960312 700000 0 0 0 0 0 0 0 0 0 0 18087 0 8 1 0 -25953.000000 
33.002220 700000 2 0 0 0 0 0 0 0 0 0 18347 2 10 0 0 -25986.000000 
33.035240 700000 0 0 0 0 0 0 0 0 0 0 18561 0 8 0 0 -26012.000000 
33.069530 700000 2 0 0 0 0 0 0 0 0 0 18750 0 8 5 0 -26039.000000 
33.111439 700000 0 0 0 0 0 0 0 0 0 0 19021 0 8 2 0 -26072.000000 
33.144459 700000 0 0 0 0 0 0 0 0 0 0 18991 0 9 3 0 -26098.000000 
33.186371 700000 2 0 0 0 0 0 0 0 0 0 19175 0 9 2 0 -26131.000000 
33.219391 700000 0 0 0 0 0 0 0 0 0 0 19037 0 7 2 0 -26157.000000 
33.261299 700000 4 0 0 0 0 0 0 0 0 0 19096 0 8 1 0 -26190.000000 
33.294319 700000 0 0 0 0 0 0 0 0 0 0 19288 0 6 2 0 -26216.000000 
33.336231 700000 0 0 0 0 0 0 0 0 0 0 19171 0 5 2 0 -26249.000000 
33.369251 700000 0 0 0 0 0 0 0 0 0 0 19155 0 16 3 0 -26275.000000 
33.411160 700000 0 0 0 0 0 0 0 0 0 0 19079 2 5 2 0 -26308.000000 
33.444180 700000 0 0 0 0 0 0 0 0 0 0 18792 0 11 2 0 -26334.000000 
33.486092 700000 0 0 0 0 0 0 0 0 0 0 19252 0 9 0 0 -26361.000000 
33.519112 700000 0 0 0 0 0 0 0 0 0 0 19272 0 7 1 0 -26393.000000 
33.553402 700000 2 0 0 0 0 0 0 0 0 0 19262 2 10 2 0 -26420.000000 
33.594040 700000 0 0 0 0 0 0 0 0 0 0 19258 2 8 1 0 -26452.000000 
33.628330 700000 0 0 0 0 0 0 0 0 0 0 19331 0 1 0 0 -26479.000000 
33.668972 700000 0 0 0 0 0 0 0 0 0 0 19320 2 13 2 0 -26511.000000 
33.703259 700000 0 0 0 0 0 0 0 0 0 0 19408 4 6 1 0 -26538.000000 
33.745171 700000 0 0 0 0 0 0 0 0 0 0 19137 0 9 2 0 -26571.000000 
33.778191 700000 0 0 0 0 0 0 0 0 0 0 19415 0 12 2 0 -26597.000000 
33.820099 700000 0 0 0 0 0 0 0 0 0 0 19299 0 7 1 0 -26630.000000 
33.853119 700000 0 0 1 0 0 0 0 0 0 1 19387 0 9 0 0 -26656.000000 
33.895031 700000 2 0 0 0 0 0 0 0 0 0 19223 2 7 0 0 -26689.000000 
33.928051 700000 0 1 0 0 0 0 0 0 0 0 19181 0 6 2 0 -26715.000000 
33.961071 700000 4 0 0 0 0 0 0 0 0 0 18885 0 10 1 0 -26741.000000 
34.002979 700000 0 0 0 0 0 0 0 0 0 0 19145 0 13 4 0 -26774.000000 
34.035999 700000 2 0 0 0 0 0 0 0 0 0 18981 0 5 0 0 -26800.000000 
34.077911 700000 0 0 0 0 0 0 0 0 0 0 19204 0 6 2 0 -26833.000000 
34.112202 700000 0 0 0 0 0 0 0 0 0 0 19068 0 6 0 0 -26860.000000 
34.152840 700000 0 0 0 0 0 0 0 0 0 0 19017 0 6 3 0 -26892.000000 
34.187130 700000 2 0 0 0 0 0 0 0 0 0 19244 0 4 3 0 -26919.000000 
34.229042 700000 0 0 0 0 0 0 0 0 0 0 19270 2 11 1 0 -26952.000000 
34.262062 700000 0 0 0 0 0 0 0 0 0 0 19315 0 13 0 0 -26978.000000 
34.303970 700000 2 0 0 0 0 0 0 0 0 0 19246 0 3 3 0 -27011.000000 
34.336990 700000 0 0 0 0 0 0 0 0 0 0 19227 2 10 3 0 -27037.000000 
34.370010 700000 0 1 0 0 0 0 0 0 0 0 19098 0 10 1 0 -27063.000000 
34.411919 700000 0 0 0 0 0 0 0 0 0 0 19156 0 10 2 0 -27096.000000 
34.444939 700000 0 0 0 0 0 0 0 0 0 0 18946 0 8 4 0 -27122.000000 
34.486851 700000 2 0 0 0 0 0 0 0 0 0 19034 2 7 2 0 -27155.000000 
34.519871 700000 0 0 0 0 0 0 0 0 0 0 19214 0 7 1 0 -27181.000000 
34.561779 700000 0 0 0 0 0 0 0 0 0 0 19043 0 9 3 0 -27214.000000 
34.594799 700000 0 0 0 0 0 0 0 0 0 0 19106 0 10 0 0 -27240.000000 
34.636711 700000 0 0 0 0 0 0 0 0 0 0 19165 0 9 0 0 -27273.000000 
34.669731 700000 0 0 0 0 0 0 0 0 0 0 19108 0 6 1 0 -27299.000000 
34.711639 700000 0 0 0 0 0 0 0 0 0 0 19299 0 4 2 0 -27332.000000 
34.745930 700000 0 0 0 0 0 0 0 0 0 0 19355 0 7 2 0 -27359.000000 
34.778950 700000 0 0 0 0 0 0 0 0 0 0 19132 0 7 0 0 -27385.000000 
34.820862 700000 0 0 0 0 0 0 0 0 0 0 19351 0 6 1 0 -27418.000000 
34.853882 700000 2 0 0 0 0 0 0 0 0 0 19432 2 7 2 0 -27444.000000 
34.895790 700000 0 0 0 0 0 0 0 0 0 0 19456 0 5 3 0 -27477.000000 
34.928810 700000 0 0 0 0 0 0 0 0 0 0 19470 0 11 3 0 -27503.000000 
34.970718 700000 0 0 0 0 0 0 0 0 0 0 19641 0 11 2 0 -27536.000000 
35.003738 700000 2 0 0 0 0 0 0 0 0 0 19770 0 9 2 0 -27562.000000 
35.045650 700000 0 0 0 0 0 0 0 0 0 0 19897 0 7 0 0 -27595.000000 
35.078671 700000 2 0 0 0 0 0 0 0 0 0 19825 0 8 1 0 -27621.000000 
35.120579 700000 2 0 0 0 0 0 0 0 0 0 19764 2 3 1 0 -27654.000000 
35.153599 700000 2 0 0 0 0 0 0 0 0 0 19880 0 3 1 0 -27680.000000 
35.187889 700000 0 1 0 0 0 0 0 0 0 0 19457 0 8 0 0 -27707.000000 
35.229801 700000 0 0 0 0 0 0 0 0 0 0 19668 0 8 0 0 -27740.000000 
35.262821 700000 0 0 0 0 0 0 0 0 0 0 19381 0 15 0 0 -27766.000000 
35.304729 700000 0 0 0 0 1 0 0 0 0 0 19232 0 9 2 0 -27799.000000 
35.337749 700000 4 0 0 0 0 0 0 0 0 0 18362 2 7 1 0 -27825.000000 
35.379662 700000 0 0 0 0 0 0 0 0 0 0 18110 2 5 2 0 -27858.000000 
35.412682 700000 0 0 0 0 0 0 0 0 0 0 17866 0 3 2 0 -27884.000000 
35.454590 700000 0 0 0 0 0 0 0 0 0 0 17709 0 7 3 0 -27917.000000 
35.487610 700000 0 0 0 0 0 0 0 0 0 0 18217 2 12 3 0 -27943.000000 
35.529522 700000 0 0 0 0 0 0 0 0 0 0 18676 0 5 4 0 -27976.000000 
35.562542 700000 0 0 0 0 0 0 0 0 0 0 19457 0 12 1 0 -28002.000000 
35.596828 700000 0 0 0 0 0 0 0 0 0 0 19576 2 9 1 0 -28029.000000 
35.637470 700000 0 0 1 0 0 0 0 0 1 0 19623 2 8 1 0 -28061.000000 
35.670490 700000 0 0 1 0 0 0 0 0 0 1 19510 0 9 0 0 -28087.000000 
35.712399 700000 0 0 0 0 0 0 0 0 0 0 19440 0 8 1 0 -28120.000000 
35.746689 700000 2 0 0 0 0 0 0 0 0 0 19501 0 7 1 0 -28147.000000 
35.787331 700000 0 1 0 0 0 0 0 0 0 0 18993 2 2 1 0 -28179.000000 
35.821621 700000 0 0 0 0 1 0 0 0 0 0 18924 2 7 0 0 -28206.000000 
35.863529 700000 0 0 0 0 0 0 0 0 0 0 18971 0 8 0 0 -28239.000000 
35.896549 700000 0 0 0 0 0 0 0 0 0 0 18961 0 6 1 0 -28265.000000 
35.938461 700000 0 0 0 0 0 0 0 0 0 0 19178 0 10 1 0 -28298.000000 
35.971481 700000 0 0 0 0 0 0 0 0 0 0 19297 4 11 1 0 -28324.000000 
36.004501 700000 0 0 0 0 0 0 0 0 0 0 19362 0 6 0 0 -28350.000000 
36.046410 700000 0 0 0 0 0 0 0 0 0 0 19575 0 9 0 0 -28383.000000 
36.079430 700000 2 0 0 0 0 0 0 0 0 0 19320 0 8 2 0 -28409.000000 
36.121342 700000 0 0 0 0 0 0 0 0 0 0 19346 0 9 0 0 -28442.000000 
36.154362 700000 0 0 0 0 0 0 0 0 0 0 19710 0 12 1 0 -28468.000000 
36.196270 700000 0 0 0 0 0 0 0 0 0 0 19567 0 9 1 0 -28501.000000 
36.230560 700000 0 0 0 0 0 0 0 0 0 0 19557 0 6 1 0 -28528.000000 
36.271202 700000 0 0 0 0 0 0 0 0 0 0 19547 0 1 3 0 -28560.000000 
36.305489 700000 0 0 0 0 0 0 0 0 0 0 19679 4 6 3 0 -28587.000000 
36.347401 700000 2 0 0 0 0 0 0 0 0 0 19639 0 7 2 0 -28620.000000 
36.380421 700000 0 0 1 0 0 0 0 0 0 1 19944 2 5 1 0 -28646.000000 
36.413441 700000 0 0 0 0 0 0 0 0 0 0 19304 2 13 0 0 -28672.000000 
36.455349 700000 2 0 0 0 0 0 0 0 0 0 19596 0 10 0 0 -28705.000000 
36.488369 700000 0 0 0 0 1 1 0 0 0 0 19486 0 13 1 0 -28731.000000 
36.530281 700000 2 0 0 0 0 0 0 0 0 0 19186 0 13 1 0 -28764.000000 
36.563301 700000 0 0 0 0 0 0 0 0 0 0 19227 0 11 1 0 -28790.000000 
36.605209 700000 0 0 0 0 0 0 0 0 0 0 19258 0 3 2 0 -28823.000000 
36.638229 700000 0 0 0 0 0 0 0 0 0 0 19303 0 6 1 0 -28849.000000 
36.680141 700000 0 0 0 0 0 0 0 0 0 0 19245 0 12 0 0 -28882.000000 
36.713161 700000 0 0 0 0 0 0 0 0 0 0 19138 0 4 2 0 -28908.000000 
36.755070 700000 0 0 0 0 0 0 0 0 0 0 18996 2 3 4 0 -28941.000000 
36.788090 700000 0 0 0 0 0 0 0 0 0 0 18935 2 6 3 0 -28967.000000 
36.822380 700000 0 1 0 0 0 0 0 0 0 0 19031 2 6 2 0 -28994.000000 
36.864288 700000 0 0 0 0 0 0 0 0 0 0 18964 0 10 1 0 -29027.000000 
36.897308 700000 0 0 0 0 0 0 0 0 0 0 18963 2 4 0 0 -29053.000000 
36.939220 700000 2 0 0 0 0 0 0 0 0 0 18994 0 5 1 0 -29086.000000 
36.972240 700000 0 0 0 0 0 0 0 0 0 0 19056 0 7 2 0 -29112.000000 
37.014149 700000 0 1 0 0 0 0 0 0 0 0 19238 0 10 2 0 -29145.000000 
37.047169 700000 0 0 0 0 0 0 0 0 0 0 19215 0 8 0 0 -29171.000000 
37.089081 700000 0 0 0 0 0 0 0 0 0 0 19022 2 10 1 0 -29204.000000 
37.122101 700000 2 0 0 0 0 0 0 0 0 0 18971 0 14 2 0 -29230.000000 
37.164009 700000 0 0 0 0 0 0 0 0 0 0 19029 0 4 1 0 -29263.000000 
37.197029 700000 0 0 0 0 0 0 0 0 0 0 18863 0 9 0 0 -29289.000000 
37.238941 700000 0 0 1 0 0 0 0 0 0 1 18920 2 6 0 0 -29322.000000 
37.271961 700000 0 0 0 0 0 0 0 0 0 0 19024 0 7 1 0 -29348.000000 
37.306252 700000 0 0 0 0 0 0 0 0 0 0 18760 0 2 0 0 -29375.000000 
37.348160 700000 2 0 0 0 0 0 0 0 0 0 18918 0 7 1 0 -29408.000000 
37.381180 700000 2 0 0 0 0 0 0 0 0 0 18810 0 6 1 0 -29434.000000 
37.421822 700000 0 0 0 0 0 0 0 0 0 0 18907 0 8 2 0 -29466.000000 
37.456112 700000 0 0 0 0 0 0 0 0 0 0 19015 0 9 2 0 -29493.000000 
37.498020 700000 2 0 0 0 0 0 0 0 0 0 19064 0 10 0 0 -29526.000000 
37.531040 700000 0 0 0 0 0 0 0 0 0 0 18955 0 7 1 0 -29552.000000 
37.572948 700000 0 0 0 0 0 0 0 0 0 0 19182 0 9 1 0 -29585.000000 
37.605968 700000 0 0 0 0 0 0 0 0 0 0 19213 0 11 3 0 -29611.000000 
37.647881 700000 2 0 0 0 0 0 0 0 0 0 19059 0 6 0 0 -29644.000000 
37.680901 700000 0 0 0 0 0 0 0 0 0 0 19171 0 5 0 0 -29670.000000 
37.715191 700000 0 0 0 0 0 0 0 0 0 0 18747 0 5 0 0 -29697.000000 
37.755829 700000 0 0 0 0 0 0 0 0 0 0 18929 0 10 0 0 -29729.000000 
37.788849 700000 0 0 0 0 0 0 0 0 0 0 18658 0 10 0 0 -29755.000000 
37.830761 700000 0 0 0 0 0 0 0 0 0 0 17722 0 2 2 0 -29788.000000 
37.865051 700000 0 0 0 0 0 0 0 0 0 0 17341 2 5 2 0 -29815.000000 
37.905689 700000 0 0 0 0 0 0 0 0 0 0 16995 0 6 1 0 -29847.000000 
37.939980 700000 0 0 0 0 0 0 0 0 0 0 17352 0 9 0 0 -29874.000000 
37.981892 700000 2 0 0 0 0 0 0 0 0 0 17633 0 6 0 0 -29907.000000 
38.014912 700000 0 0 0 0 0 0 0 0 0 0 17972 2 8 2 0 -29933.000000 
38.056820 700000 0 0 0 0 0 0 0 0 0 0 18513 0 6 3 0 -29966.000000 
38.089840 700000 0 0 0 0 0 0 0 0 0 0 18272 0 4 0 0 -29992.000000 
38.131752 700000 0 0 0 0 0 0 0 0 0 0 18300 0 6 1 0 -30018.000000 
38.164772 700000 4 0 0 0 0 0 0 0 0 0 18721 0 11 0 0 -30051.000000 
38.197792 700000 0 0 0 0 0 0 0 0 0 0 18848 0 9 2 0 -30077.000000 
38.239700 700000 0 0 0 0 0 0 0 0 0 0 18839 0 9 2 0 -30110.000000 
38.272720 700000 0 0 0 0 0 0 0 0 0 0 19064 0 7 2 0 -30136.000000 
38.314629 700000 0 0 0 0 0 0 0 0 0 0 18908 0 8 3 0 -30169.000000 
38.348919 700000 0 0 0 0 0 0 0 0 0 0 19002 0 4 1 0 -30196.000000 
38.406071 700000 0 0 0 0 0 0 0 0 0 0 18822 0 2 2 0 -30241.000000 
38.447979 700000 0 0 0 0 0 0 0 0 0 0 18736 2 7 0 0 -30268.000000 
38.482269 700000 2 0 0 0 0 0 0 0 0 0 18691 2 8 0 0 -30301.000000 
38.515289 700000 0 0 0 0 0 0 0 0 0 0 18768 0 2 0 0 -30327.000000 
38.557201 700000 0 1 0 0 0 0 0 0 0 0 18571 2 2 1 0 -30360.000000 
38.590221 700000 0 0 0 0 0 0 0 0 0 0 18312 0 6 1 0 -30386.000000 
38.632130 700000 0 0 0 0 0 0 0 0 0 0 18428 0 7 1 0 -30419.000000 
38.665150 700000 0 0 0 0 0 0 0 0 0 0 18966 2 4 3 0 -30445.000000 
38.707062 700000 0 0 0 0 0 0 0 0 0 0 18363 0 3 2 0 -30478.000000 
38.740082 700000 0 0 0 0 0 0 0 0 0 0 18861 0 10 1 0 -30504.000000 
38.781990 700000 0 0 0 0 0 0 0 0 0 0 18852 2 6 2 0 -30537.000000 
38.815010 700000 0 0 0 0 0 0 0 0 0 0 18932 0 7 1 0 -30563.000000 
38.856922 700000 0 0 0 0 0 0 0 0 0 0 19153 0 8 0 0 -30590.000000 
38.889938 700000 2 0 0 0 0 0 0 0 0 0 19399 0 9 1 0 -30622.000000 
38.957249 700000 2 0 0 0 0 0 0 0 0 0 19320 2 9 1 0 -30675.000000 
38.999161 700000 0 0 0 0 0 0 0 0 0 0 19133 4 10 1 0 -30708.000000 
39.032181 700000 0 0 1 0 0 0 0 0 0 1 19472 0 9 3 0 -30734.000000 
39.074089 700000 0 0 0 0 0 0 0 0 0 0 19505 0 8 3 0 -30767.000000 
39.107109 700000 0 0 0 0 0 0 0 0 0 0 19589 0 13 0 0 -30793.000000 
39.149021 700000 0 0 0 0 0 0 0 0 0 0 19416 0 15 1 0 -30826.000000 
39.182041 700000 0 0 0 0 0 0 0 0 0 0 19439 2 8 2 0 -30852.000000 
39.216331 700000 2 0 0 0 0 0 0 0 0 0 19375 6 6 2 0 -30879.000000 
39.256969 700000 0 0 0 0 0 0 0 0 0 0 19414 0 8 3 0 -30911.000000 
39.289989 700000 0 0 0 0 0 0 0 0 0 0 19324 0 6 1 0 -30937.000000 
39.333172 700000 0 0 0 0 0 0 0 0 0 0 18995 0 4 2 0 -30971.000000 
39.366192 700000 0 0 1 0 0 0 0 0 0 1 19399 0 10 0 0 -30997.000000 
39.406830 700000 0 0 0 0 0 0 0 0 0 0 19316 0 10 2 0 -31029.000000 
39.441120 700000 0 0 0 0 0 0 0 0 0 0 19168 0 8 1 0 -31056.000000 
39.483028 700000 0 0 0 0 0 0 0 0 0 0 19316 2 9 2 0 -31089.000000 
39.516048 700000 0 0 0 0 0 0 0 0 0 0 19386 0 10 3 0 -31115.000000 
39.549068 700000 0 0 0 0 0 0 0 0 0 0 19397 0 9 1 0 -31141.000000 
39.590981 700000 0 0 0 0 0 0 0 0 0 0 19615 0 8 0 0 -31174.000000 
39.624001 700000 2 0 0 0 0 0 0 0 0 0 18459 2 5 1 0 -31200.000000 
39.665909 700000 0 0 1 0 0 0 0 0 0 1 19062 0 6 2 0 -31233.000000 
39.698929 700000 2 0 0 0 0 0 0 0 0 0 19394 0 6 0 0 -31259.000000 
39.740841 700000 2 0 0 0 0 0 0 0 0 0 19448 0 13 2 0 -31292.000000 
39.773861 700000 2 0 0 0 0 0 0 0 0 0 19646 2 7 1 0 -31318.000000 
39.815769 700000 0 0 0 0 0 0 0 0 0 0 19916 0 10 5 0 -31351.000000 
39.850060 700000 0 0 0 0 0 0 0 0 0 0 19943 4 9 0 0 -31378.000000 
39.890701 700000 0 0 0 0 0 0 0 0 0 0 20161 0 10 1 0 -31410.000000 
39.923721 700000 2 0 0 0 0 0 0 0 0 0 20055 0 10 0 0 -31436.000000 
39.966900 700000 0 0 0 0 0 0 0 0 0 0 19538 0 8 1 0 -31470.000000 
39.999920 700000 0 0 0 0 0 0 0 0 0 0 19294 0 13 5 0 -31496.000000 
40.032940 700000 0 1 0 0 0 0 0 0 0 0 19421 2 4 0 0 -31522.000000 
40.074852 700000 0 0 1 0 0 0 0 0 0 1 19457 2 10 2 0 -31555.000000 
40.107872 700000 0 0 0 0 0 0 0 0 0 0 19675 0 8 2 0 -31581.000000 
40.149780 700000 0 0 0 1 0 0 0 0 0 0 19625 2 14 0 0 -31614.000000 
40.182800 700000 0 0 0 0 0 0 0 0 0 0 19811 0 5 0 0 -31640.000000 
40.224709 700000 2 0 0 0 0 0 0 0 0 0 19328 0 7 0 0 -31673.000000 
40.257729 700000 4 0 0 0 0 0 0 0 0 0 19629 0 7 1 0 -31699.000000 
40.299641 700000 0 0 0 0 0 0 0 0 0 0 19270 0 7 1 0 -31732.000000 
40.333931 700000 0 0 0 0 0 0 0 0 0 0 18513 0 4 1 0 -31759.000000 
40.374569 700000 0 0 0 0 0 0 0 0 0 0 16971 2 8 2 0 -31791.000000 
40.407589 700000 2 0 0 0 0 0 0 0 0 0 17059 0 5 4 0 -31817.000000 
40.449501 700000 2 0 1 0 0 0 0 0 0 1 17239 0 4 1 0 -31850.000000 
40.483791 700000 0 0 0 0 0 0 0 0 0 0 17368 0 4 0 0 -31877.000000 
40.524429 700000 0 0 0 0 0 0 0 0 0 0 17985 0 5 2 0 -31909.000000 
40.558720 700000 0 0 0 0 0 0 0 0 0 0 18766 0 8 1 0 -31936.000000 
40.591740 700000 0 0 0 0 0 0 0 0 0 0 19139 0 7 3 0 -31962.000000 
40.633652 700000 0 0 0 0 0 0 0 0 0 0 19147 0 7 2 0 -31995.000000 
40.666672 700000 0 0 0 0 0 0 0 0 0 0 19006 0 9 0 0 -32021.000000 
40.708580 700000 4 0 1 0 0 0 0 0 0 1 19325 0 8 0 0 -32054.000000 
40.741600 700000 0 0 0 0 0 0 0 0 0 0 19524 0 4 2 0 -32080.000000 
40.783512 700000 0 0 0 0 0 0 0 0 0 0 19247 0 10 0 0 -32113.000000 
40.816532 700000 0 0 0 0 0 0 0 0 0 0 19181 2 8 3 0 -32139.000000 
40.858440 700000 0 0 0 0 0 0 0 0 0 0 19492 0 5 1 0 -32172.000000 
40.891460 700000 2 0 0 0 0 0 0 0 0 0 19696 0 4 4 0 -32198.000000 
40.933369 700000 0 0 0 0 0 0 0 0 0 0 19600 0 13 2 0 -32231.000000 
40.967659 700000 2 0 0 0 0 0 0 0 0 0 19925 0 8 1 0 -32258.000000 
41.000679 700000 0 0 0 0 0 0 0 0 0 0 19774 0 6 3 0 -32284.000000 
41.041321 700000 0 0 0 0 0 0 0 0 0 0 19706 0 4 0 0 -32316.000000 
41.075611 700000 0 0 0 0 0 0 0 0 0 0 19795 0 10 1 0 -32343.000000 
41.117519 700000 0 0 0 0 0 0 0 0 0 0 19708 0 9 0 0 -32376.000000 
41.150539 700000 0 0 0 0 0 0 0 0 0 0 19546 0 0 0 0 -32402.000000 
41.192451 700000 0 0 0 0 0 0 0 0 0 0 19616 0 11 2 0 -32435.000000 
41.225471 700000 2 0 0 0 0 0 0 0 0 0 19690 0 9 0 0 -32461.000000 
41.267380 700000 0 0 0 0 0 0 0 0 0 0 19985 0 10 1 0 -32494.000000 
41.300400 700000 0 0 0 0 0 0 0 0 0 0 20360 2 11 1 0 -32520.000000 
41.342312 700000 6 0 0 0 0 0 0 0 0 0 20434 0 8 2 0 -32553.000000 
41.375332 700000 0 0 0 0 0 0 0 0 0 0 20398 2 10 4 0 -32579.000000 
41.417240 700000 0 0 0 0 0 0 0 0 0 0 19999 0 12 4 0 -32612.000000 
41.450260 700000 0 0 0 0 0 0 0 0 0 0 19580 2 4 0 0 -32638.000000 
41.484550 700000 0 0 0 0 0 0 0 0 0 0 19815 2 9 1 0 -32665.000000 
41.525188 700000 0 0 0 0 0 0 0 0 0 0 19864 0 14 2 0 -32697.000000 
41.559479 700000 0 0 0 0 0 0 0 0 0 0 19969 0 10 1 0 -32724.000000 
41.601391 700000 2 0 0 0 0 0 0 0 0 0 19635 0 6 2 0 -32757.000000 
41.634411 700000 0 0 0 0 0 0 0 0 0 0 19953 0 9 1 0 -32783.000000 
41.675049 700000 0 0 0 0 0 0 0 0 0 0 20040 0 5 2 0 -32815.000000 
41.709339 700000 0 0 0 0 0 0 0 0 0 0 19917 2 13 2 0 -32842.000000 
41.751251 700000 0 0 0 0 0 0 0 0 0 0 19642 0 15 1 0 -32875.000000 
41.784271 700000 0 0 0 0 0 0 0 0 0 0 19908 2 10 0 0 -32901.000000 
41.826180 700000 0 0 0 0 0 0 0 0 0 0 19591 0 5 1 0 -32934.000000 
41.859200 700000 0 0 0 0 0 0 0 0 0 0 19881 0 11 1 0 -32960.000000 
41.901112 700000 2 0 0 0 0 0 0 0 0 0 19539 0 11 2 0 -32993.000000 
41.934132 700000 0 0 0 0 0 0 0 0 0 0 19346 0 7 1 0 -33019.000000 
41.968422 700000 0 0 0 0 0 0 0 0 0 0 19362 0 6 2 0 -33046.000000 
42.009060 700000 0 0 0 0 0 0 0 0 0 0 19347 0 6 1 0 -33078.000000 
42.042080 700000 2 0 0 0 0 0 0 0 0 0 19520 0 6 1 0 -33104.000000 
42.085258 700000 0 0 0 0 0 0 0 0 0 0 19486 0 8 4 0 -33138.000000 
42.118279 700000 0 0 0 0 0 0 0 0 0 0 19446 0 12 0 0 -33164.000000 
42.158920 700000 0 0 0 0 0 0 0 0 0 0 19488 0 6 2 0 -33196.000000 
42.193211 700000 0 0 0 0 0 0 0 0 0 0 19672 0 9 1 0 -33223.000000 
42.235119 700000 0 0 0 0 0 0 0 0 0 0 19540 0 8 1 0 -33256.000000 
42.268139 700000 0 0 0 0 0 0 0 0 0 0 19543 0 9 1 0 -33282.000000 
42.310051 700000 0 0 0 0 0 0 0 0 0 0 19730 0 7 0 0 -33308.000000 
42.343071 700000 0 0 0 0 0 0 0 0 0 0 19954 0 8 3 0 -33341.000000 
42.376091 700000 2 0 0 0 0 0 0 0 0 0 20274 0 10 1 0 -33367.000000 
42.417999 700000 2 0 0 0 0 0 0 0 0 0 19757 0 12 3 0 -33400.000000 
42.451019 700000 0 0 0 0 0 0 0 0 0 0 19703 0 8 1 0 -33426.000000 
42.492931 700000 0 0 0 0 0 0 0 0 0 0 19660 2 8 1 0 -33459.000000 
42.525951 700000 2 0 0 0 0 0 0 0 0 0 19924 0 10 0 0 -33485.000000 
42.567860 700000 0 0 0 0 0 0 0 0 0 0 19557 0 9 0 0 -33518.000000 
42.602150 700000 0 0 0 0 0 0 0 0 0 0 19867 0 7 1 0 -33545.000000 
42.642792 700000 2 0 0 0 0 0 0 0 0 0 19883 2 9 0 0 -33577.000000 
42.675812 700000 0 0 0 0 0 0 0 0 0 0 19808 0 8 0 0 -33603.000000 
42.718990 700000 0 0 0 0 1 0 0 0 0 0 19749 0 6 1 0 -33637.000000 
42.752010 700000 0 0 0 0 0 0 0 0 0 0 19343 0 3 0 0 -33663.000000 
42.792652 700000 0 0 0 0 0 0 0 0 0 0 19591 0 7 0 0 -33689.000000 
42.826939 700000 0 0 0 0 0 0 0 0 0 0 18875 0 3 0 0 -33722.000000 
42.859959 700000 0 0 0 0 0 0 0 0 0 0 18254 0 12 0 0 -33748.000000 
42.901871 700000 0 0 0 0 0 0 0 0 0 0 17934 0 7 3 0 -33781.000000 
42.934891 700000 0 0 0 0 0 0 0 0 0 0 18222 0 4 1 0 -33807.000000 
42.976799 700000 0 0 0 0 0 0 0 0 0 0 18563 0 12 1 0 -33840.000000 
43.009819 700000 0 0 0 0 0 0 0 0 0 0 19152 0 10 0 0 -33866.000000 
43.051731 700000 0 0 0 0 0 0 0 0 0 0 19232 0 5 1 0 -33899.000000 
43.086021 700000 0 0 0 0 0 0 0 0 0 0 19618 2 5 0 0 -33926.000000 
43.126659 700000 0 0 0 0 0 0 0 0 0 0 19402 0 1 3 0 -33958.000000 
43.159679 700000 0 0 0 0 2 0 0 0 0 0 19775 0 11 3 0 -33984.000000 
43.201591 700000 4 0 0 0 0 0 0 0 0 0 19505 0 10 1 0 -34017.000000 
43.235882 700000 0 0 0 0 0 0 0 0 0 0 19726 0 10 0 0 -34044.000000 
43.268902 700000 2 0 0 0 0 0 0 0 0 0 19740 0 10 3 0 -34070.000000 
43.310810 700000 0 0 0 0 0 0 0 0 0 0 19640 0 13 1 0 -34103.000000 
43.343830 700000 0 0 0 0 0 0 0 0 0 0 19665 0 8 0 0 -34129.000000 
43.385738 700000 0 0 0 0 0 0 0 0 0 0 19672 2 10 1 0 -34162.000000 
43.418758 700000 0 0 0 0 0 0 0 0 0 0 19724 4 10 1 0 -34188.000000 
43.460670 700000 0 0 0 0 0 0 0 0 0 0 19468 0 11 2 0 -34221.000000 
43.493690 700000 0 0 0 0 0 0 0 0 0 0 19548 2 10 4 0 -34247.000000 
43.535599 700000 0 0 0 0 0 0 0 0 0 0 19614 0 5 1 0 -34280.000000 
43.568619 700000 0 0 0 0 0 0 0 0 0 0 19398 0 14 1 0 -34306.000000 
43.610531 700000 0 0 0 0 0 0 0 0 0 0 19983 0 8 1 0 -34339.000000 
43.643551 700000 0 0 0 0 0 0 0 0 0 0 20075 0 10 3 0 -34365.000000 
43.676571 700000 0 0 0 0 0 0 0 0 0 0 20208 0 6 2 0 -34391.000000 
43.719749 700000 0 0 0 0 0 0 0 0 0 0 20260 0 5 2 0 -34425.000000 
43.752769 700000 0 0 0 0 0 0 0 0 0 0 20494 2 9 2 0 -34451.000000 
43.793411 700000 0 0 0 0 0 0 0 0 0 0 19759 2 7 3 0 -34483.000000 
43.827702 700000 0 0 0 0 0 0 0 0 0 0 20444 0 7 3 0 -34510.000000 
43.869610 700000 0 0 0 0 0 0 0 0 0 0 20256 0 7 0 0 -34543.000000 
43.902630 700000 0 0 0 0 0 0 0 0 0 0 20384 0 6 2 0 -34569.000000 
43.944542 700000 0 0 0 0 0 0 0 0 0 0 20287 2 9 0 0 -34602.000000 
43.977562 700000 0 0 1 0 0 0 0 0 0 1 20530 0 12 2 0 -34628.000000 
44.019470 700000 0 0 0 0 0 0 0 0 0 0 20685 2 2 0 0 -34661.000000 
44.052490 700000 0 0 0 0 0 0 0 0 0 0 20507 0 5 1 0 -34687.000000 
44.094398 700000 0 1 0 0 0 0 0 0 0 0 20151 2 7 0 0 -34720.000000 
44.127419 700000 0 0 0 0 0 0 0 0 0 0 20340 0 11 3 0 -34746.000000 
44.160439 700000 2 0 0 0 0 0 0 0 0 0 20643 0 9 0 0 -34772.000000 
44.202351 700000 2 0 0 0 0 0 0 0 0 0 20171 0 7 1 0 -34805.000000 
44.236641 700000 2 1 0 0 0 0 0 0 0 0 20245 0 11 3 0 -34832.000000 
44.277279 700000 0 0 0 0 0 0 0 0 0 0 20191 0 15 0 0 -34864.000000 
44.311569 700000 0 0 0 0 0 0 0 0 0 0 20188 0 5 1 0 -34891.000000 
44.353481 700000 2 0 0 0 0 0 0 0 0 0 19962 2 11 2 0 -34924.000000 
44.386501 700000 0 0 0 0 0 0 0 0 0 0 20348 0 6 1 0 -34950.000000 
44.427139 700000 0 1 0 0 0 0 0 0 0 0 20104 0 11 0 0 -34982.000000 
44.461430 700000 0 0 0 0 0 0 0 0 0 0 20309 0 8 3 0 -35009.000000 
44.503342 700000 0 0 0 0 0 0 0 0 0 0 20224 2 7 1 0 -35042.000000 
44.536362 700000 0 0 0 0 0 0 0 0 0 0 20071 0 11 0 0 -35068.000000 
44.569382 700000 0 0 0 0 0 0 0 0 0 0 20113 0 2 1 0 -35094.000000 
44.611290 700000 2 0 0 0 0 0 0 0 0 0 20270 0 3 1 0 -35127.000000 
44.644310 700000 2 0 0 0 0 0 0 0 0 0 20345 0 10 1 0 -35153.000000 
44.686222 700000 0 0 0 0 0 0 0 0 0 0 20320 0 16 0 0 -35186.000000 
44.720509 700000 0 0 0 0 0 0 0 0 0 0 20260 0 10 3 0 -35213.000000 
44.761150 700000 2 0 0 0 0 0 0 0 0 0 20075 0 4 1 0 -35245.000000 
44.794170 700000 2 0 0 0 0 0 0 0 0 0 20233 0 12 2 0 -35271.000000 
44.837349 700000 0 0 0 0 0 0 0 0 0 0 20218 0 9 0 0 -35305.000000 
44.870369 700000 0 0 0 0 0 0 0 0 0 0 19887 0 14 2 0 -35331.000000 
44.911011 700000 0 0 0 0 0 0 0 0 0 0 19964 2 4 2 0 -35363.000000 
44.945301 700000 0 0 0 0 0 0 0 0 0 0 19992 0 8 3 0 -35390.000000 
44.987209 700000 2 0 0 0 0 0 0 0 0 0 20024 0 8 2 0 -35423.000000 
45.020229 700000 0 0 0 0 0 0 0 0 0 0 20104 0 5 2 0 -35449.000000 
45.062141 700000 0 0 0 1 0 0 0 0 0 0 19896 0 8 2 0 -35475.000000 
45.095161 700000 0 0 0 0 0 0 0 0 0 0 20052 0 9 1 0 -35508.000000 
45.128181 700000 0 0 0 0 0 0 0 0 0 0 20546 2 7 1 0 -35534.000000 
45.170090 700000 0 0 0 0 0 0 0 0 0 0 20073 0 4 2 0 -35567.000000 
45.203110 700000 0 0 0 0 0 0 0 0 0 0 20229 0 15 2 0 -35593.000000 
45.245022 700000 0 0 0 0 0 0 0 0 0 0 19868 0 8 1 0 -35626.000000 
45.278042 700000 4 0 0 0 0 0 0 0 0 0 20102 0 8 1 0 -35652.000000 
45.319950 700000 0 0 0 0 0 0 0 0 0 0 18932 0 9 1 0 -35685.000000 
45.354240 700000 0 0 0 0 0 0 0 0 0 0 18454 0 9 2 0 -35712.000000 
45.394878 700000 0 0 0 0 0 0 0 0 0 0 17856 0 8 1 0 -35744.000000 
45.427898 700000 0 0 0 0 0 0 0 0 0 0 17885 0 8 2 0 -35770.000000 
45.471081 700000 0 0 0 0 0 0 0 0 0 0 18257 0 8 2 0 -35804.000000 
45.504101 700000 0 0 0 0 0 0 0 0 0 0 18551 0 10 0 0 -35830.000000 
45.537121 700000 0 0 0 0 0 0 0 0 0 0 18992 2 5 1 0 -35856.000000 
45.579029 700000 0 0 0 0 0 0 0 0 0 0 19206 0 5 2 0 -35889.000000 
45.612049 700000 0 0 0 0 0 0 0 0 0 0 20075 2 13 0 0 -35915.000000 
45.653961 700000 0 0 0 0 0 0 0 0 0 0 19584 0 8 4 0 -35948.000000 
45.686981 700000 0 0 0 0 0 0 0 0 0 0 19637 0 9 2 0 -35974.000000 
45.728889 700000 0 0 0 0 0 0 0 0 0 0 19523 0 10 1 0 -36007.000000 
45.761909 700000 0 0 0 0 0 0 0 0 0 0 19511 0 7 2 0 -36033.000000 
45.803822 700000 4 0 0 0 0 0 0 0 0 0 19601 0 9 4 0 -36066.000000 
45.838112 700000 0 0 0 0 0 0 0 0 0 0 19558 0 11 1 0 -36093.000000 
45.878750 700000 4 0 0 0 0 0 0 0 0 0 19261 0 5 1 0 -36125.000000 
45.911770 700000 0 0 0 0 0 0 0 0 0 0 19268 0 4 0 0 -36151.000000 
45.953682 700000 0 1 0 0 0 0 0 0 0 0 19505 2 11 0 0 -36184.000000 
45.987968 700000 0 0 0 0 0 0 0 0 0 0 19209 2 7 0 0 -36211.000000 
46.020988 700000 0 1 0 0 0 0 0 0 0 0 19315 2 6 1 0 -36237.000000 
46.062901 700000 4 0 0 0 0 0 0 0 0 0 19853 0 5 0 0 -36270.000000 
46.095921 700000 0 0 0 0 0 0 0 0 0 0 19909 0 7 0 0 -36296.000000 
46.137829 700000 0 0 0 0 0 0 0 0 0 0 19885 2 4 2 0 -36329.000000 
46.170849 700000 0 0 0 0 0 0 0 0 0 0 19596 0 9 2 0 -36355.000000 
46.212761 700000 2 0 0 0 0 0 0 0 0 0 19818 0 7 0 0 -36388.000000 
46.245781 700000 0 0 0 0 0 0 0 0 0 0 19634 2 7 2 0 -36414.000000 
46.287689 700000 0 0 0 0 0 0 0 0 0 0 19799 2 5 0 0 -36447.000000 
46.320709 700000 0 0 0 0 0 0 0 0 0 0 19137 2 15 1 0 -36473.000000 
46.362621 700000 2 0 0 0 0 0 0 0 0 0 19038 0 10 0 0 -36506.000000 
46.395641 700000 0 0 0 0 0 0 0 0 0 0 19320 2 9 1 0 -36532.000000 
46.428661 700000 0 0 0 0 0 0 0 0 0 0 19616 0 10 2 0 -36558.000000 
46.471840 700000 2 0 0 0 0 0 0 0 0 0 18916 2 6 2 0 -36592.000000 
46.504860 700000 0 0 0 0 0 0 0 0 0 0 19357 0 11 1 0 -36618.000000 
46.545502 700000 0 0 0 0 0 0 0 0 0 0 19260 0 7 4 0 -36650.000000 
46.579792 700000 0 0 0 0 0 0 0 0 0 0 19195 0 3 1 0 -36677.000000 
46.621700 700000 0 0 0 0 0 0 0 0 0 0 19253 2 6 0 0 -36710.000000 
46.654720 700000 0 0 0 0 0 0 0 0 0 0 19328 0 12 2 0 -36736.000000 
46.696629 700000 0 0 0 0 0 0 0 0 0 0 18884 0 5 0 0 -36769.000000 
46.729649 700000 2 0 0 0 0 0 0 0 0 0 19224 0 9 2 0 -36795.000000 
46.771561 700000 2 0 0 0 0 0 0 0 0 0 19104 0 8 0 0 -36828.000000 
46.804581 700000 0 0 0 0 0 0 0 0 0 0 19323 2 7 1 0 -36854.000000 
46.846489 700000 0 0 0 0 0 0 0 0 0 0 19842 0 8 1 0 -36881.000000 
46.879509 700000 0 0 0 0 0 0 0 0 0 0 19766 4 7 0 0 -36913.000000 
46.912529 700000 0 0 0 0 0 0 0 0 0 0 19814 0 10 1 0 -36939.000000 
46.954441 700000 0 0 0 0 0 0 0 0 0 0 19484 0 2 2 0 -36972.000000 
46.988731 700000 2 0 0 0 0 0 0 0 0 0 19415 0 5 3 0 -36999.000000 
47.029369 700000 0 0 0 0 0 0 0 0 0 0 19763 2 6 0 0 -37031.000000 
47.063660 700000 2 0 0 0 0 0 0 0 0 0 19793 2 11 2 0 -37058.000000 
47.105572 700000 0 0 0 0 0 0 0 0 0 0 19794 0 8 1 0 -37091.000000 
47.138592 700000 2 0 0 0 0 0 0 0 0 0 19829 2 6 4 0 -37117.000000 
47.179230 700000 0 0 0 0 0 0 0 0 0 0 19641 0 13 4 0 -37149.000000 
47.213520 700000 0 0 0 0 0 0 0 0 0 0 19564 0 8 2 0 -37176.000000 
47.255432 700000 0 0 0 0 0 0 0 0 0 0 19706 0 9 1 0 -37209.000000 
47.288452 700000 0 1 1 0 0 0 0 0 1 0 19335 0 7 0 0 -37235.000000 
47.321472 700000 0 0 0 0 0 0 0 0 0 0 19065 0 11 0 0 -37261.000000 
47.363380 700000 0 0 0 0 0 0 0 0 0 0 19246 2 7 1 0 -37294.000000 
47.396400 700000 0 0 0 0 0 0 0 0 0 0 19329 0 9 0 0 -37320.000000 
47.438309 700000 0 0 0 0 0 0 0 0 0 0 18838 0 11 1 0 -37353.000000 
47.472599 700000 0 0 0 0 0 0 0 0 0 0 19054 2 9 0 0 -37380.000000 
47.513241 700000 0 0 0 0 0 0 0 0 0 0 19066 2 7 0 0 -37412.000000 
47.546261 700000 4 0 0 0 0 0 0 0 0 0 18944 2 6 0 0 -37438.000000 
47.589439 700000 0 0 0 0 0 0 0 0 0 0 18976 0 8 2 0 -37472.000000 
47.622459 700000 0 0 0 0 0 0 0 0 0 0 19062 4 11 0 0 -37498.000000 
47.646591 700000 2 0 0 0 0 0 0 0 0 0 19081 0 5 1 0 -37517.000000 
47.722790 700000 0 0 0 0 0 0 0 0 0 0 19066 0 8 0 0 -37577.000000 
47.755810 700000 0 0 0 0 0 0 0 0 0 0 19060 0 4 1 0 -37603.000000 
47.796452 700000 2 0 0 0 0 0 0 0 0 0 19438 0 7 4 0 -37635.000000 
47.830742 700000 0 0 0 0 0 0 0 0 0 0 18667 0 7 0 0 -37662.000000 
47.863762 700000 2 0 0 0 0 0 0 0 0 0 18338 0 8 0 0 -37688.000000 
47.905670 700000 0 0 0 0 0 0 0 0 0 0 17956 0 5 3 0 -37721.000000 
47.938690 700000 0 0 0 0 0 0 0 0 0 0 17386 2 5 1 0 -37747.000000 
47.980598 700000 0 0 0 0 0 0 0 0 0 0 17301 0 8 1 0 -37780.000000 
48.013618 700000 0 0 0 0 0 0 0 0 0 0 18014 0 8 0 0 -37806.000000 
48.055531 700000 0 1 0 0 0 0 0 0 0 0 18633 0 5 0 0 -37839.000000 
48.089821 700000 0 0 0 0 0 0 0 0 0 0 19123 2 9 0 0 -37866.000000 
48.130459 700000 0 1 0 0 0 0 0 0 0 0 19106 0 10 2 0 -37898.000000 
48.172371 700000 0 0 0 0 0 0 0 0 0 0 18995 0 8 2 0 -37931.000000 
48.205391 700000 0 0 0 0 0 0 0 0 0 0 18949 4 12 0 0 -37957.000000 
48.239681 700000 0 0 0 0 0 0 0 0 0 0 19259 0 5 1 0 -37984.000000 
48.280319 700000 0 0 0 0 0 0 0 0 0 0 19013 0 6 0 0 -38016.000000 
48.322231 700000 0 0 0 0 0 0 0 0 0 0 19096 0 13 0 0 -38049.000000 
48.356522 700000 0 0 0 0 0 0 0 0 0 0 19059 0 10 0 0 -38076.000000 
48.389542 700000 0 0 0 0 0 0 0 0 0 0 19613 0 12 0 0 -38102.000000 
48.431450 700000 0 0 0 0 0 0 0 0 0 0 19396 0 4 0 0 -38135.000000 
48.464470 700000 0 0 0 0 0 0 0 0 0 0 19549 0 4 2 0 -38161.000000 
48.506382 700000 2 0 0 0 0 0 0 0 0 0 18919 0 9 0 0 -38194.000000 
48.539402 700000 0 0 1 0 0 0 0 0 0 1 18903 0 7 3 0 -38220.000000 
48.581310 700000 2 0 0 0 0 0 0 0 0 0 18813 4 5 1 0 -38253.000000 
48.614330 700000 0 0 0 0 0 0 0 0 0 0 18458 0 11 0 0 -38279.000000 
48.656239 700000 0 0 0 0 0 0 0 0 0 0 18610 4 4 1 0 -38312.000000 
48.689259 700000 0 0 0 0 0 0 0 0 0 0 18664 0 9 0 0 -38338.000000 
48.731171 700000 0 0 0 0 0 0 0 0 0 0 19176 2 9 3 0 -38371.000000 
48.764191 700000 0 0 0 0 0 0 0 0 0 0 19007 2 10 0 0 -38397.000000 
48.806099 700000 2 0 0 0 0 0 0 0 0 0 19044 0 8 0 0 -38430.000000 
48.840389 700000 0 0 0 0 0 0 0 0 0 0 18238 0 2 2 0 -38457.000000 
48.873409 700000 0 0 0 0 0 0 0 0 0 0 18310 0 6 1 0 -38483.000000 
48.914051 700000 0 0 0 0 0 0 0 0 0 0 18312 2 10 1 0 -38515.000000 
48.948341 700000 4 0 0 0 0 0 0 0 0 0 18408 0 6 3 0 -38542.000000 
48.990250 700000 0 0 0 0 0 0 0 0 0 0 18437 0 11 0 0 -38575.000000 
49.023270 700000 0 0 0 0 0 0 0 0 0 0 18923 0 3 3 0 -38601.000000 
49.065182 700000 0 0 0 0 0 0 0 0 0 0 18741 4 7 4 0 -38634.000000 
49.098202 700000 2 0 0 0 0 0 0 0 0 0 18913 0 7 0 0 -38660.000000 
49.140110 700000 0 0 0 0 0 0 0 0 0 0 18953 0 9 2 0 -38693.000000 
49.173130 700000 0 0 0 0 0 0 0 0 0 0 18962 0 13 3 0 -38719.000000 
49.215042 700000 0 0 0 0 0 0 0 0 0 0 19275 0 5 0 0 -38752.000000 
49.248062 700000 2 1 0 0 0 0 0 0 0 0 18929 0 9 2 0 -38778.000000 
49.281082 700000 0 0 0 0 0 0 0 0 0 0 18892 0 8 2 0 -38804.000000 
49.322990 700000 0 0 0 0 0 0 0 0 0 0 18574 0 7 2 0 -38837.000000 
49.357281 700000 0 0 0 0 0 0 0 0 0 0 18241 0 8 3 0 -38864.000000 
49.397919 700000 0 0 0 0 0 0 0 0 0 0 18360 0 9 0 0 -38896.000000 
49.432209 700000 0 0 0 0 0 0 0 0 0 0 17950 0 7 0 0 -38923.000000 
49.474121 700000 0 0 0 0 0 0 0 0 0 0 18158 0 5 0 0 -38956.000000 
49.507141 700000 0 0 0 0 0 0 0 0 0 0 18780 0 12 1 0 -38982.000000 
49.547779 700000 0 0 0 0 0 0 0 0 0 0 18731 0 6 1 0 -39014.000000 
49.582069 700000 0 0 0 1 0 0 0 0 0 0 19377 0 8 2 0 -39041.000000 
49.623981 700000 0 0 0 0 0 0 0 0 0 0 19816 0 3 0 0 -39074.000000 
49.657001 700000 0 0 0 0 0 0 0 0 0 0 19596 0 8 1 0 -39100.000000 
49.690022 700000 0 0 0 0 0 0 0 0 0 0 19667 0 5 2 0 -39126.000000 
49.731930 700000 2 0 0 0 0 0 0 0 0 0 19640 0 5 1 0 -39159.000000 
49.764950 700000 0 0 0 0 0 0 0 0 0 0 19498 0 4 0 0 -39185.000000 
49.806862 700000 0 0 0 0 0 0 0 0 0 0 18465 0 9 1 0 -39218.000000 
49.841152 700000 2 0 0 0 0 0 0 0 0 0 18856 2 13 0 0 -39245.000000 
49.881790 700000 0 0 0 0 0 0 0 0 0 0 19260 0 9 1 0 -39277.000000 
49.914810 700000 0 0 1 0 0 0 0 0 0 1 19340 0 11 2 0 -39303.000000 
49.956718 700000 2 0 0 0 0 0 0 0 0 0 19145 0 10 2 0 -39336.000000 
49.991009 700000 2 0 0 0 0 0 0 0 0 0 19272 0 6 1 0 -39363.000000 
50.031651 700000 0 0 0 0 0 0 0 0 0 0 19455 0 9 6 0 -39395.000000 
50.065941 700000 0 0 0 0 0 0 0 0 0 0 19249 0 6 2 0 -39422.000000 
50.098961 700000 0 0 0 0 0 0 0 0 0 0 19374 0 11 3 0 -39448.000000 
50.140869 700000 2 0 0 0 0 0 0 0 0 0 19319 0 2 0 0 -39481.000000 
50.173889 700000 2 0 0 0 0 0 0 0 0 0 19107 0 6 1 0 -39507.000000 
50.215801 700000 2 0 0 0 0 0 0 0 0 0 19064 0 5 2 0 -39540.000000 
50.248821 700000 0 0 0 0 0 0 0 0 0 0 19509 0 10 1 0 -39566.000000 
50.290730 700000 4 0 0 0 0 0 0 0 0 0 19446 0 14 2 0 -39599.000000 
50.323750 700000 0 0 0 0 0 0 0 0 0 0 18736 2 7 1 0 -39625.000000 
50.365662 700000 2 0 0 0 0 0 0 0 0 0 18180 0 6 1 0 -39658.000000 
50.398682 700000 0 0 0 0 0 0 0 0 0 0 17967 0 9 2 0 -39684.000000 
50.440590 700000 0 0 0 0 0 0 0 0 0 0 18001 0 4 0 0 -39717.000000 
50.474880 700000 0 0 0 0 0 0 0 0 0 0 18046 0 9 1 0 -39744.000000 
50.507900 700000 0 0 0 0 0 0 0 0 0 0 18808 0 9 2 0 -39770.000000 
50.549809 700000 2 0 0 0 0 0 0 0 0 0 19272 0 7 2 0 -39803.000000 
50.582829 700000 0 0 0 0 0 0 0 0 0 0 19135 0 9 1 0 -39829.000000 
50.624741 700000 0 0 0 0 0 0 0 0 0 0 19473 0 9 2 0 -39862.000000 
50.657761 700000 0 0 0 0 0 0 0 0 0 0 19440 0 7 2 0 -39888.000000 
50.699669 700000 0 0 0 0 0 0 0 0 0 0 19393 0 10 0 0 -39921.000000 
50.732689 700000 0 0 0 0 0 0 0 0 0 0 19344 4 9 0 0 -39947.000000 
50.774601 700000 0 0 0 0 0 0 0 0 0 0 19542 2 5 2 0 -39980.000000 
50.807621 700000 0 0 1 0 0 0 0 0 0 1 18896 2 5 1 0 -40006.000000 
50.849529 700000 0 0 0 0 0 0 0 0 0 0 19179 0 7 2 0 -40039.000000 
50.882549 700000 0 0 0 0 0 0 0 0 0 0 19271 0 10 2 0 -40065.000000 
50.915569 700000 0 0 0 0 0 0 0 0 0 0 19238 0 14 1 0 -40091.000000 
50.957481 700000 0 0 0 0 0 0 0 0 0 0 18873 0 7 1 0 -40124.000000 
50.991772 700000 0 0 0 0 0 0 0 0 0 0 19011 0 9 1 0 -40151.000000 
51.032410 700000 0 0 0 1 0 0 0 0 0 0 18959 0 7 4 0 -40183.000000 
51.066700 700000 2 0 0 0 0 0 0 0 0 0 18929 2 7 1 0 -40210.000000 
51.108612 700000 0 0 0 0 0 0 0 0 0 0 19160 0 11 3 0 -40243.000000 
51.141632 700000 0 0 0 0 0 0 0 0 0 0 19119 0 8 0 0 -40269.000000 
51.183540 700000 0 0 0 0 0 0 0 0 0 0 19259 0 15 2 0 -40302.000000 
51.216560 700000 2 0 0 0 0 0 0 0 0 0 19109 0 6 3 0 -40328.000000 
51.258469 700000 0 0 0 0 0 0 0 0 0 0 19280 0 13 1 0 -40361.000000 
51.291489 700000 0 0 0 0 0 0 0 0 0 0 19368 4 7 0 0 -40387.000000 
51.324509 700000 0 0 0 0 0 0 0 0 0 0 19318 2 9 2 0 -40413.000000 
51.366421 700000 0 0 0 0 0 0 0 0 0 0 19100 0 6 0 0 -40446.000000 
51.399441 700000 0 0 0 0 0 0 0 0 0 0 19434 2 9 1 0 -40472.000000 
51.441349 700000 0 0 0 0 0 0 0 0 0 0 19430 2 7 1 0 -40505.000000 
51.475639 700000 0 0 1 0 0 0 0 0 0 1 19501 0 5 0 0 -40532.000000 
51.516281 700000 0 0 0 0 0 0 0 0 0 0 19653 0 6 1 0 -40564.000000 
51.550571 700000 0 0 0 0 0 0 0 0 0 0 19550 2 7 0 0 -40591.000000 
51.592480 700000 0 0 0 0 0 0 0 0 0 0 19329 0 9 0 0 -40624.000000 
51.625500 700000 0 0 0 0 0 0 0 0 0 0 19451 0 6 0 0 -40650.000000 
51.666142 700000 0 0 0 0 0 0 0 0 0 0 19684 0 9 1 0 -40682.000000 
51.700432 700000 0 0 0 0 0 0 0 0 0 0 19811 0 6 1 0 -40709.000000 
51.733452 700000 0 0 0 0 0 0 0 0 0 0 19507 0 8 4 0 -40735.000000 
51.775360 700000 0 0 0 0 0 0 0 0 0 0 18835 0 5 0 0 -40768.000000 
51.808380 700000 0 0 0 0 0 0 0 0 0 0 18872 0 10 1 0 -40794.000000 
51.850292 700000 0 1 0 0 0 0 0 0 0 0 18935 2 11 0 0 -40827.000000 
51.883312 700000 0 0 0 0 0 0 0 0 0 0 18809 0 11 1 0 -40853.000000 
51.925220 700000 0 0 0 0 0 0 0 0 0 0 18763 0 7 0 0 -40886.000000 
51.958241 700000 0 0 0 0 0 0 0 0 0 0 19017 0 7 1 0 -40912.000000 
52.000149 700000 0 0 0 0 0 0 0 0 0 0 18772 0 9 1 0 -40945.000000 
52.033169 700000 0 0 0 0 0 0 0 0 0 0 18627 0 12 0 0 -40971.000000 
52.075081 700000 0 0 0 0 0 0 0 0 0 0 18747 0 9 1 0 -41004.000000 
52.109371 700000 0 0 1 0 0 0 0 0 1 0 18323 0 9 2 0 -41031.000000 
52.150009 700000 0 0 0 0 0 0 0 0 0 0 18563 0 11 1 0 -41063.000000 
52.184299 700000 0 0 0 0 0 0 0 0 0 0 19079 0 8 1 0 -41090.000000 
52.217319 700000 0 0 0 0 0 0 0 0 0 0 19202 2 8 1 0 -41116.000000 
52.259232 700000 0 0 0 0 0 0 0 0 0 0 18873 0 6 2 0 -41149.000000 
52.292252 700000 0 0 0 0 0 0 0 0 0 0 19267 0 8 2 0 -41175.000000 
52.334160 700000 4 0 0 0 0 0 0 0 0 0 18687 0 7 1 0 -41208.000000 
52.367180 700000 0 0 0 0 0 0 0 0 0 0 19333 0 8 2 0 -41234.000000 
52.409092 700000 0 0 1 0 0 0 0 0 0 1 18880 0 6 1 0 -41267.000000 
52.442112 700000 0 0 0 0 0 0 0 0 0 0 19332 0 8 0 0 -41293.000000 
52.484020 700000 2 0 0 0 0 0 0 0 0 0 19257 0 3 1 0 -41326.000000 
52.517040 700000 2 0 0 0 0 0 0 0 0 0 18536 0 8 2 0 -41352.000000 
52.558949 700000 0 0 0 0 0 0 0 0 0 0 18822 0 16 4 0 -41385.000000 
52.593239 700000 0 1 0 0 0 0 0 0 0 0 19097 0 8 1 0 -41412.000000 
52.626259 700000 2 0 0 0 0 0 0 0 0 0 19101 2 8 3 0 -41438.000000 
52.668171 700000 0 0 0 0 0 0 0 0 0 0 18553 0 5 1 0 -41471.000000 
52.701191 700000 2 0 0 0 0 0 0 0 0 0 18516 0 9 1 0 -41497.000000 
52.743099 700000 0 0 0 0 0 0 0 0 0 0 18583 0 8 0 0 -41530.000000 
52.776119 700000 2 0 0 0 0 0 0 0 0 0 18672 2 6 4 0 -41556.000000 
52.818031 700000 0 0 0 0 0 0 0 0 0 0 18785 0 8 2 0 -41589.000000 
52.851051 700000 2 0 0 0 0 0 0 0 0 0 18109 0 10 2 0 -41615.000000 
52.892960 700000 0 0 0 0 0 0 0 0 0 0 17902 0 11 2 0 -41648.000000 
52.925980 700000 0 0 0 0 0 0 0 0 0 0 17658 0 9 1 0 -41674.000000 
52.967892 700000 0 0 0 0 0 0 0 0 0 0 18239 0 3 1 0 -41707.000000 
53.000912 700000 0 0 0 0 0 0 0 0 0 0 18722 0 7 2 0 -41733.000000 
53.033932 700000 2 0 0 0 0 0 0 0 0 0 19260 2 8 1 0 -41759.000000 
53.075840 700000 0 0 0 0 0 0 0 0 0 0 19386 0 10 0 0 -41792.000000 
53.110130 700000 2 1 0 0 0 0 0 0 0 0 19424 0 17 0 0 -41819.000000 
53.150772 700000 0 0 0 0 0 0 0 0 0 0 19187 2 6 2 0 -41851.000000 
53.185059 700000 2 0 1 0 0 0 0 0 0 1 19428 0 6 3 0 -41878.000000 
53.226971 700000 2 0 0 0 0 0 0 0 0 0 19862 0 10 0 0 -41911.000000 
53.259991 700000 0 0 0 0 0 0 0 0 0 0 19891 0 12 0 0 -41937.000000 
53.301899 700000 0 1 0 0 0 0 0 0 0 0 20001 4 11 0 0 -41970.000000 
53.334919 700000 4 0 0 0 0 0 0 0 0 0 19910 0 12 1 0 -41996.000000 
53.376831 700000 2 0 0 0 0 0 0 0 0 0 20120 0 11 1 0 -42029.000000 
53.409851 700000 4 0 0 0 0 0 0 0 0 0 20020 0 10 0 0 -42055.000000 
53.451759 700000 2 0 0 0 0 0 0 0 0 0 19803 0 10 0 0 -42088.000000 
53.484779 700000 2 0 0 0 0 0 0 0 0 0 19991 2 9 1 0 -42114.000000 
53.517799 700000 0 0 0 0 0 0 0 0 0 0 19818 0 9 1 0 -42140.000000 
53.559711 700000 2 0 0 0 0 0 0 0 0 0 19797 2 8 1 0 -42173.000000 
53.594002 700000 0 0 0 0 0 0 0 0 0 0 20235 2 6 1 0 -42200.000000 
53.634640 700000 0 0 0 0 0 0 0 0 0 0 20038 0 6 6 0 -42232.000000 
53.668930 700000 0 0 0 0 0 0 0 0 0 0 20054 0 9 2 0 -42259.000000 
53.709572 700000 0 0 0 0 0 0 0 0 0 0 19790 0 8 1 0 -42291.000000 
53.743862 700000 0 0 0 0 0 0 0 0 0 0 20042 0 10 2 0 -42318.000000 
53.784500 700000 0 0 0 0 0 0 0 0 0 0 19923 0 7 2 0 -42350.000000 
53.818790 700000 0 0 0 0 0 0 0 0 0 0 19965 0 8 0 0 -42377.000000 
53.860699 700000 0 0 0 0 0 0 0 0 0 0 20055 0 7 1 0 -42410.000000 
53.893719 700000 0 0 0 0 0 0 0 0 0 0 20444 2 9 1 0 -42436.000000 
53.926739 700000 0 0 0 0 0 0 0 0 0 0 20791 2 10 1 0 -42462.000000 
53.977539 700000 0 1 0 0 0 0 0 0 0 0 20237 0 6 0 0 -42502.000000 
54.018181 700000 0 0 0 0 0 0 0 0 0 0 20569 0 7 1 0 -42528.000000 
54.052471 700000 0 0 0 0 0 0 0 0 0 0 20128 0 7 0 0 -42561.000000 
54.085491 700000 2 0 0 0 0 0 0 0 0 0 20499 0 4 2 0 -42587.000000 
54.127399 700000 0 0 0 0 0 0 0 0 0 0 20442 0 8 0 0 -42620.000000 
54.160419 700000 2 0 0 0 0 0 0 0 0 0 20008 2 8 0 0 -42646.000000 
54.202332 700000 0 0 0 0 0 0 0 0 0 0 20043 0 9 0 0 -42679.000000 
54.235352 700000 0 0 0 0 0 0 0 0 0 0 20506 0 8 2 0 -42705.000000 
54.277260 700000 0 0 0 0 0 0 0 0 0 0 20262 0 8 0 0 -42738.000000 
54.310280 700000 0 0 0 0 0 0 0 0 0 0 20295 0 6 0 0 -42764.000000 
54.352192 700000 0 0 0 0 1 0 0 0 0 0 19974 0 6 1 0 -42797.000000 
54.385212 700000 2 0 0 0 0 0 0 0 0 0 19878 2 16 1 0 -42823.000000 
54.427120 700000 0 0 0 0 0 0 0 0 0 0 19883 2 8 0 0 -42856.000000 
54.460140 700000 0 0 0 0 0 0 0 0 0 0 20245 2 13 1 0 -42882.000000 
54.536339 700000 0 0 0 0 0 0 0 0 0 0 20028 0 10 1 0 -42935.000000 
54.576981 700000 0 0 0 0 0 0 0 0 0 0 19875 0 9 3 0 -42974.000000 
54.611271 700000 0 0 0 0 0 0 0 0 0 0 20093 0 10 2 0 -43001.000000 
54.651909 700000 0 0 0 0 0 0 0 0 0 0 19843 2 9 0 0 -43033.000000 
54.686199 700000 0 0 0 0 0 0 0 0 0 0 19880 0 7 2 0 -43060.000000 
54.728111 700000 0 0 0 0 0 0 0 0 0 0 19617 0 9 1 0 -43093.000000 
54.761131 700000 0 0 0 0 0 0 0 0 0 0 19530 0 13 3 0 -43119.000000 
54.803040 700000 0 0 0 0 0 0 0 0 0 0 18915 0 3 1 0 -43152.000000 
54.836060 700000 0 0 0 0 0 0 0 0 0 0 19124 0 8 0 0 -43178.000000 
54.877972 700000 2 0 0 0 0 0 0 0 0 0 19034 2 6 1 0 -43211.000000 
54.910992 700000 0 0 0 0 0 0 0 0 0 0 19404 0 8 2 0 -43237.000000 
54.944012 700000 0 0 0 0 0 0 0 0 0 0 19246 0 10 0 0 -43263.000000 
54.985920 700000 0 0 1 0 0 0 0 0 1 0 18958 0 3 1 0 -43296.000000 
55.018940 700000 0 0 0 0 0 0 0 0 0 0 19275 0 14 0 0 -43322.000000 
55.060852 700000 0 0 0 0 0 0 0 0 0 0 19431 0 10 1 0 -43355.000000 
55.095139 700000 2 0 0 0 0 0 0 0 0 0 19302 0 8 2 0 -43382.000000 
55.135780 700000 0 0 1 0 0 0 0 0 1 0 19683 0 7 1 0 -43414.000000 
55.170071 700000 2 0 0 0 0 0 0 0 0 0 19516 0 8 0 0 -43441.000000 
55.210709 700000 0 0 0 0 0 0 0 0 0 0 20393 0 4 1 0 -43473.000000 
55.244999 700000 0 0 0 0 0 0 0 0 0 0 20294 2 8 1 0 -43500.000000 
55.286911 700000 0 0 0 0 0 0 0 0 0 0 20294 0 10 1 0 -43533.000000 
55.319931 700000 0 1 0 0 0 0 0 0 0 0 19598 0 4 0 0 -43559.000000 
55.361839 700000 0 0 0 0 0 0 0 0 0 0 19388 0 5 0 0 -43592.000000 
55.394859 700000 0 0 0 0 0 0 0 0 0 0 18688 0 10 1 0 -43618.000000 
55.436771 700000 0 0 0 0 0 0 0 0 0 0 18012 0 8 0 0 -43651.000000 
55.469791 700000 0 0 0 0 0 0 0 0 0 0 17393 0 8 3 0 -43677.000000 
55.502811 700000 0 0 0 0 0 0 0 0 0 0 18689 0 7 1 0 -43703.000000 
55.544720 700000 0 0 0 0 0 0 0 0 0 0 18914 0 8 4 0 -43736.000000 
55.577740 700000 0 0 0 0 0 0 0 0 0 0 19355 0 4 1 0 -43762.000000 
55.619652 700000 0 0 0 0 0 0 0 0 0 0 19331 2 7 0 0 -43795.000000 
55.652672 700000 0 0 0 0 0 0 0 0 0 0 19415 0 4 1 0 -43821.000000 
55.694580 700000 0 0 0 0 0 0 0 0 0 0 19868 2 8 1 0 -43854.000000 
55.728870 700000 0 0 0 0 0 0 0 0 0 0 19799 0 2 0 0 -43881.000000 
55.769512 700000 0 0 0 0 0 0 0 0 0 0 20080 0 7 2 0 -43913.000000 
55.803799 700000 0 0 0 0 0 0 0 0 0 0 20303 0 10 1 0 -43940.000000 
55.845711 700000 0 0 0 0 0 0 0 0 0 0 19712 0 7 1 0 -43973.000000 
55.878731 700000 0 0 0 0 0 0 0 0 0 0 19718 0 12 2 0 -43999.000000 
55.920639 700000 0 1 0 0 0 0 0 0 0 0 20041 4 8 3 0 -44032.000000 
55.953659 700000 0 0 0 0 0 0 0 0 0 0 20166 0 9 0 0 -44058.000000 
55.986679 700000 2 0 0 0 0 0 0 0 0 0 20361 6 11 1 0 -44084.000000 
56.028591 700000 0 0 0 0 0 0 0 0 0 0 19910 2 7 0 0 -44117.000000 
56.061611 700000 0 0 0 0 1 1 0 0 0 0 19488 0 10 2 0 -44143.000000 
56.103519 700000 0 0 0 0 0 0 0 0 0 0 19360 0 11 2 0 -44176.000000 
56.136539 700000 0 0 0 1 0 0 0 0 0 0 19474 0 11 3 0 -44202.000000 
56.178452 700000 0 0 0 0 0 0 0 0 0 0 19417 0 3 3 0 -44235.000000 
56.211472 700000 0 0 0 0 0 0 0 0 0 0 19185 0 11 0 0 -44261.000000 
56.253380 700000 0 0 0 0 1 0 0 0 0 0 18861 2 9 1 0 -44294.000000 
56.287670 700000 0 0 0 0 0 0 0 0 0 0 18955 0 18 0 0 -44321.000000 
56.328312 700000 2 0 0 0 3 2 0 0 0 0 19342 0 11 0 0 -44353.000000 
56.362602 700000 0 1 0 0 6 1 0 0 0 0 18748 0 13 2 0 -44380.000000 
56.403240 700000 0 0 1 0 6 0 0 0 1 0 18163 0 13 2 0 -44412.000000 
56.437531 700000 4 3 0 0 7 1 0 0 0 0 18592 0 40 0 0 -44439.000000 
56.470551 700000 0 5 0 0 20 4 0 0 0 0 18303 0 32 2 0 -44465.000000 
56.512459 700000 8 5 0 0 38 4 0 0 0 0 18452 2 67 0 0 -44498.000000 
56.545479 700000 8 6 0 0 54 5 0 0 0 0 18577 4 111 1 0 -44524.000000 
56.587391 700000 16 13 1 0 106 14 0 0 0 1 18886 6 173 5 0 -44557.000000 
56.620411 700000 28 38 0 0 207 31 0 0 0 0 19167 6 375 13 0 -44583.000000 
56.662319 700000 32 31 0 0 227 30 0 0 0 0 18984 12 352 10 0 -44616.000000 
56.695339 700000 40 49 0 0 394 51 0 0 0 0 18514 22 711 16 0 -44642.000000 
56.737251 700000 58 67 0 0 512 66 0 0 0 0 18604 12 851 16 0 -44675.000000 
56.770271 700000 124 112 0 0 971 117 0 0 0 0 18382 36 1562 47 0 -44701.000000 
56.812180 700000 186 121 0 0 1069 122 0 0 0 0 18337 38 1779 64 0 -44734.000000 
56.846470 700000 146 129 0 0 1203 143 0 0 0 0 18605 50 2063 38 0 -44761.000000 
56.887112 700000 194 172 0 0 1448 173 0 0 0 0 18897 58 2421 65 0 -44793.000000 
56.921402 700000 194 211 0 0 1427 183 0 0 0 0 18744 54 2383 69 0 -44820.000000 
56.962040 700000 150 148 0 0 1211 165 0 0 0 0 18863 34 1998 36 0 -44852.000000 
56.996330 700000 76 110 0 0 777 101 0 0 0 0 18496 38 1360 38 0 -44879.000000 
57.029350 700000 80 94 0 0 795 84 0 0 0 0 19034 40 1329 21 0 -44905.000000 
57.071259 700000 72 59 0 0 564 67 0 0 0 0 18744 20 936 22 0 -44938.000000 
57.104279 700000 52 66 0 0 538 71 0 0 0 0 19154 16 1008 27 0 -44964.000000 
57.146191 700000 40 43 0 0 332 52 0 0 0 0 19144 16 569 14 0 -44997.000000 
57.179211 700000 6 10 0 0 93 16 0 0 0 0 19480 6 164 5 0 -45023.000000 
57.221119 700000 12 5 0 0 75 9 0 0 0 0 19871 4 108 3 0 -45056.000000 
57.254139 700000 4 1 0 0 15 3 0 0 0 0 19846 0 45 3 0 -45082.000000 
57.296051 700000 2 2 0 0 8 0 0 0 0 0 19681 2 24 3 0 -45115.000000 
57.329071 700000 2 0 0 0 5 1 0 0 0 0 19073 2 25 3 0 -45141.000000 
57.370979 700000 0 1 0 0 3 1 0 0 0 0 18912 0 8 0 0 -45174.000000 
57.405270 700000 0 0 0 0 1 0 0 0 0 0 18664 0 15 0 0 -45201.000000 
57.445911 700000 2 0 0 0 0 0 0 0 0 0 19565 2 5 0 0 -45233.000000 
57.480202 700000 0 0 0 0 0 0 0 0 0 0 19107 6 9 1 0 -45260.000000 
57.513222 700000 0 0 0 0 0 0 0 0 0 0 19494 0 14 2 0 -45286.000000 
57.555130 700000 0 0 0 0 0 0 0 0 0 0 19327 4 12 0 0 -45319.000000 
57.588150 700000 0 0 0 0 0 0 0 0 0 0 18790 0 4 1 0 -45345.000000 
57.630062 700000 2 0 0 0 0 0 0 0 0 0 18403 0 4 0 0 -45378.000000 
57.663082 700000 0 0 0 0 0 0 0 0 0 0 19262 0 9 0 0 -45404.000000 
57.704990 700000 2 0 0 0 0 0 0 0 0 0 19726 0 9 2 0 -45437.000000 
57.738010 700000 0 0 0 0 0 0 0 0 0 0 19453 0 11 1 0 -45463.000000 
57.779919 700000 2 0 0 0 0 0 0 0 0 0 19311 2 9 2 0 -45496.000000 
57.812939 700000 0 0 0 0 0 0 0 0 0 0 19278 0 8 1 0 -45522.000000 
57.854851 700000 0 0 0 0 0 0 0 0 0 0 18605 0 7 1 0 -45555.000000 
57.887871 700000 0 0 0 0 0 0 0 0 0 0 18283 0 7 1 0 -45581.000000 
57.929779 700000 0 0 0 0 0 0 0 0 0 0 17791 2 6 2 0 -45614.000000 
57.962799 700000 2 0 1 0 0 0 0 0 1 0 17960 0 13 3 0 -45640.000000 
57.992012 700000 0 0 0 0 0 0 0 0 0 0 18778 0 6 0 0 -45663.000000 
