#                                  2C21 Current (nA):             IPM2C21A.VAL: 10.426110
#                                  2C24 Current (nA):             IPM2C24A.VAL: 10.627379
#                                  2H01 Current (nA):              IPM2H01.VAL: 0.000000
#                               2C21 X position (mm):            IPM2C21A.XPOS: -0.236532
#                               2C24 X position (mm):            IPM2C24A.XPOS: 0.773422
#                               2H01 X position (mm):             IPM2H01.XPOS: 0.000000
#                               2C21 Y position (mm):            IPM2C21A.YPOS: 0.473079
#                               2C24 Y position (mm):            IPM2C24A.YPOS: 1.078954
#                               2H01 Y position (mm):             IPM2H01.YPOS: 0.000000
#                              Tagger Current (Amps):              TMIRBCK.VAL: 2024.099976
#                           Faraday Cup Current (nA):         scaler_calc1.VAL: 0.000000
#                                  Beam Energy (MeV):        MBSY2C_energy.VAL: 5723.996582
#                    2C21 H corrector BDL (gauss-cm):             MBC2C21H.BDL: 0.000000
#                    2C21 V corrector BDL (gauss-cm):             MBC2C21V.BDL: 4437.303711
#                    2C22 H corrector BDL (gauss-cm):             MBC2C22H.BDL: -2810.000000
#                    2C23 V corrector BDL (gauss-cm):             MBC2C23V.BDL: 0.000066
#             post-target H corrector BDL (gauss-cm):             MDN2H01H.BDL: 0.000000
#             post-target V corrector BDL (gauss-cm):             MDN2H01V.BDL: -3401.808594
#                             Hall B duty factor (%):       IGL1I00HALLBDF.VAL: 100.000000
#               Raster Status (1=running, 0=stopped):        raster_status_ttl: 0.000000
#                         OTR-1 status (0=out, 1=in):                     otr1: 0.000000
#                         OTR-2 status (0=out, 1=in):                     otr2: 0.000000
#                           faraday electronics gain:               fcup_slope: 0.000000
#                               SLM electronics gain:                slm_slope: 24537.306641
#                         faraday electronics offset:              fcup_offset: 0.000000
#                             SLM electronics offset:               slm_offset: 164725.000000
18.008600 700000 0 0 0 0 0 0 0 0 0 0 25045 2 19 2 0 -14180.000000 
18.036541 700000 0 0 0 0 0 0 0 0 0 0 25130 0 18 1 0 -14202.000000 
18.078449 700000 0 1 0 0 0 0 0 0 0 0 25183 0 20 4 0 -14235.000000 
18.111469 700000 0 0 0 0 0 0 0 0 0 0 24805 2 15 1 0 -14261.000000 
18.144489 700000 2 0 0 0 0 0 0 0 0 0 24443 0 11 5 0 -14287.000000 
18.186399 700000 0 0 0 0 0 0 0 0 0 0 24303 0 22 2 0 -14320.000000 
18.220690 700000 0 0 0 0 0 0 0 0 0 0 24177 0 20 1 0 -14347.000000 
18.261330 700000 2 0 0 0 0 0 0 0 0 0 24138 0 25 1 0 -14379.000000 
18.295620 700000 0 0 0 0 0 0 0 0 0 0 22890 0 16 1 0 -14406.000000 
18.337530 700000 0 0 1 0 0 0 0 0 0 1 21707 0 16 0 0 -14439.000000 
18.370550 700000 0 0 0 0 0 0 0 0 0 0 22256 0 15 1 0 -14465.000000 
18.412460 700000 0 0 0 0 0 0 0 0 0 0 22815 0 17 0 0 -14498.000000 
18.445480 700000 0 0 0 0 0 0 0 0 0 0 23267 0 22 2 0 -14524.000000 
18.487391 700000 0 0 0 0 0 0 0 0 0 0 23671 2 24 3 0 -14557.000000 
18.520411 700000 0 0 0 0 0 0 0 0 0 0 23598 2 20 3 0 -14583.000000 
18.553431 700000 0 0 0 0 0 0 0 0 0 0 23421 0 16 1 0 -14609.000000 
18.595341 700000 2 0 0 0 0 0 0 0 0 0 23363 2 18 0 0 -14642.000000 
18.628361 700000 4 0 0 0 0 0 0 0 0 0 23126 0 13 0 0 -14668.000000 
18.670271 700000 0 0 0 0 0 0 0 0 0 0 22972 0 9 2 0 -14701.000000 
18.704559 700000 0 0 0 0 0 0 0 0 0 0 23087 0 17 4 0 -14728.000000 
18.745199 700000 2 0 0 0 0 0 0 0 0 0 22877 2 16 0 0 -14760.000000 
18.779490 700000 0 0 0 0 0 0 0 0 0 0 22753 4 18 4 0 -14787.000000 
18.820129 700000 2 0 0 0 0 0 0 0 0 0 23287 0 13 1 0 -14819.000000 
18.854420 700000 0 0 0 0 0 0 0 0 0 0 23551 0 20 3 0 -14846.000000 
18.895060 700000 0 0 1 0 0 0 0 0 0 1 23352 0 14 0 0 -14878.000000 
18.929350 700000 0 1 0 0 0 0 0 0 0 0 23318 2 13 1 0 -14905.000000 
18.962370 700000 0 0 0 0 0 0 0 0 0 0 23984 0 17 0 0 -14931.000000 
19.004280 700000 0 0 0 0 0 0 0 0 0 0 24000 0 14 2 0 -14964.000000 
19.037300 700000 0 0 0 0 0 0 0 0 0 0 23723 0 19 1 0 -14990.000000 
19.079210 700000 0 0 0 0 0 0 0 0 0 0 22810 2 21 2 0 -15023.000000 
19.112230 700000 0 0 1 0 0 0 0 0 1 0 22983 0 13 3 0 -15049.000000 
19.154140 700000 0 0 0 0 0 0 0 0 0 0 23456 0 12 2 0 -15082.000000 
19.187160 700000 0 0 0 0 0 0 0 0 0 0 23744 4 14 0 0 -15108.000000 
19.229071 700000 0 0 0 0 0 0 0 0 0 0 23620 0 15 1 0 -15141.000000 
19.262091 700000 0 0 0 0 0 0 0 0 0 0 23995 0 15 3 0 -15167.000000 
19.304001 700000 0 0 0 0 0 0 0 0 0 0 24203 2 26 5 0 -15200.000000 
19.338289 700000 0 0 0 0 0 0 0 0 0 0 24556 2 22 3 0 -15227.000000 
19.378931 700000 0 0 0 0 0 0 0 0 0 0 24331 2 15 2 0 -15259.000000 
19.413219 700000 0 0 0 0 0 0 0 0 0 0 24299 0 20 5 0 -15286.000000 
19.446239 700000 0 0 0 0 0 0 0 0 0 0 24620 2 16 1 0 -15312.000000 
19.488150 700000 2 0 0 0 0 0 0 0 0 0 25183 0 15 2 0 -15345.000000 
19.521170 700000 0 0 0 0 0 0 0 0 0 0 25017 0 18 2 0 -15371.000000 
19.563080 700000 0 0 1 0 0 0 0 0 1 0 24734 4 16 2 0 -15404.000000 
19.596100 700000 0 0 0 0 0 0 0 0 0 0 24692 0 14 1 0 -15430.000000 
19.638010 700000 0 0 0 0 0 0 0 0 0 0 24923 0 21 3 0 -15463.000000 
19.671030 700000 0 0 0 0 0 0 0 0 0 0 24568 0 18 3 0 -15489.000000 
19.712940 700000 0 0 1 0 0 0 0 0 1 0 24640 2 17 1 0 -15522.000000 
19.745960 700000 0 0 0 0 0 0 0 0 0 0 24652 0 19 2 0 -15548.000000 
19.787870 700000 0 0 0 0 0 0 0 0 0 0 23950 0 13 3 0 -15581.000000 
19.822161 700000 0 0 0 0 0 0 0 0 0 0 24284 2 20 1 0 -15608.000000 
19.855181 700000 0 0 0 0 0 0 0 0 0 0 24459 4 12 3 0 -15634.000000 
19.895821 700000 2 0 0 0 0 0 0 0 0 0 24206 2 23 0 0 -15666.000000 
19.930111 700000 0 0 0 0 0 0 0 0 0 0 24468 0 18 1 0 -15693.000000 
19.972019 700000 0 0 0 0 0 0 0 0 0 0 24420 0 17 5 0 -15726.000000 
20.005039 700000 0 0 0 0 0 0 0 0 0 0 23967 0 19 3 0 -15752.000000 
20.046949 700000 2 0 0 0 0 0 0 0 0 0 24141 0 15 0 0 -15785.000000 
20.079969 700000 0 0 0 0 0 0 0 0 0 0 23621 0 21 2 0 -15811.000000 
20.121880 700000 0 1 0 0 0 0 0 0 0 0 23307 0 11 6 0 -15844.000000 
20.154900 700000 0 0 0 0 0 0 0 0 0 0 23808 2 18 2 0 -15870.000000 
20.196810 700000 0 0 0 0 0 0 0 0 0 0 23723 2 15 1 0 -15903.000000 
20.229830 700000 0 0 0 0 0 0 0 0 0 0 23873 0 23 0 0 -15929.000000 
20.271740 700000 0 0 0 0 0 0 0 0 0 0 24436 0 16 0 0 -15962.000000 
20.304760 700000 0 0 0 0 0 0 0 0 0 0 24508 2 19 1 0 -15988.000000 
20.339050 700000 2 0 0 0 0 0 0 0 0 0 24114 2 15 0 0 -16015.000000 
20.379690 700000 0 0 0 0 0 0 0 0 0 0 22726 0 18 1 0 -16047.000000 
20.413980 700000 0 0 0 0 0 0 0 0 0 0 23616 2 11 0 0 -16074.000000 
20.455891 700000 0 0 0 0 0 0 0 0 0 0 23410 0 16 1 0 -16107.000000 
20.488911 700000 0 0 0 0 0 0 0 0 0 0 23567 0 14 1 0 -16133.000000 
20.530821 700000 0 0 0 0 0 0 0 0 0 0 23563 0 25 3 0 -16166.000000 
20.563841 700000 0 0 0 0 0 0 0 0 0 0 23544 2 15 1 0 -16192.000000 
20.605751 700000 0 0 0 0 0 0 0 0 0 0 23661 0 19 5 0 -16225.000000 
20.638771 700000 0 0 1 0 0 0 0 0 1 0 24038 6 11 0 0 -16251.000000 
20.680679 700000 2 0 1 0 0 0 0 0 0 1 24810 0 17 4 0 -16284.000000 
20.713699 700000 0 0 0 0 0 0 0 0 0 0 24986 0 14 1 0 -16310.000000 
20.755610 700000 0 0 0 0 0 0 0 0 0 0 24363 2 15 2 0 -16343.000000 
20.788630 700000 2 0 0 0 0 0 0 0 0 0 24319 2 21 0 0 -16369.000000 
20.821650 700000 0 0 0 0 0 0 0 0 0 0 24448 0 15 2 0 -16395.000000 
20.863560 700000 0 0 0 0 0 0 0 0 0 0 25045 0 19 3 0 -16428.000000 
20.896580 700000 0 0 0 0 0 0 0 0 0 0 24744 0 13 4 0 -16454.000000 
20.938490 700000 2 0 0 0 0 0 0 0 0 0 25052 0 13 3 0 -16487.000000 
20.972780 700000 0 0 0 0 0 0 0 0 0 0 24800 0 11 3 0 -16514.000000 
21.013420 700000 0 0 0 0 0 0 0 0 0 0 24370 4 12 4 0 -16546.000000 
21.047710 700000 0 0 0 0 0 0 0 0 0 0 23827 0 15 0 0 -16573.000000 
21.089621 700000 0 0 0 0 0 0 0 0 0 0 23871 0 13 0 0 -16606.000000 
21.122641 700000 0 0 0 0 0 0 0 0 0 0 25006 2 13 1 0 -16632.000000 
21.164551 700000 2 0 0 0 0 0 0 0 0 0 25124 2 22 3 0 -16665.000000 
21.197571 700000 0 0 0 1 0 0 0 0 0 0 24951 0 14 1 0 -16691.000000 
21.230591 700000 0 0 0 0 0 0 0 0 0 0 24807 0 14 1 0 -16717.000000 
21.272501 700000 0 0 0 0 0 0 0 0 0 0 24232 0 14 4 0 -16750.000000 
21.305521 700000 4 0 0 0 0 0 0 0 0 0 24452 2 11 1 0 -16776.000000 
21.347429 700000 0 0 0 0 0 0 0 0 0 0 24553 0 13 2 0 -16809.000000 
21.380449 700000 0 0 0 0 0 0 0 0 0 0 24735 0 11 0 0 -16835.000000 
21.422359 700000 0 0 0 0 0 0 0 0 0 0 24704 0 17 3 0 -16868.000000 
21.456650 700000 0 0 0 0 0 0 0 0 0 0 25051 0 21 1 0 -16895.000000 
21.497290 700000 0 0 0 0 0 0 0 0 0 0 23392 2 11 4 0 -16927.000000 
21.531580 700000 2 0 0 0 0 0 0 0 0 0 23111 0 14 2 0 -16954.000000 
21.573490 700000 2 0 0 0 0 0 0 0 0 0 23538 2 10 0 0 -16987.000000 
21.606510 700000 2 0 0 0 0 0 0 0 0 0 24080 2 12 2 0 -17013.000000 
21.639530 700000 0 0 0 0 0 0 0 0 0 0 23950 0 23 0 0 -17039.000000 
21.681440 700000 0 0 1 0 0 0 0 0 0 1 24062 0 16 0 0 -17072.000000 
21.714460 700000 0 0 0 0 0 0 0 0 0 0 24326 2 14 2 0 -17098.000000 
21.756371 700000 0 0 0 0 0 0 0 0 0 0 24354 0 19 2 0 -17131.000000 
21.789391 700000 0 0 0 0 0 0 0 0 0 0 23808 0 22 1 0 -17157.000000 
21.831301 700000 0 0 0 0 0 0 0 0 0 0 23654 0 12 1 0 -17190.000000 
21.864321 700000 0 0 0 0 0 0 0 0 0 0 23071 0 21 0 0 -17216.000000 
21.906231 700000 0 0 0 0 0 0 0 0 0 0 23143 0 14 3 0 -17249.000000 
21.939251 700000 2 1 0 0 0 0 0 0 0 0 23390 0 15 1 0 -17275.000000 
21.981159 700000 0 0 0 0 0 0 0 0 0 0 23051 2 10 2 0 -17308.000000 
22.014179 700000 0 1 0 0 0 0 0 0 0 0 23103 2 13 0 0 -17334.000000 
22.056089 700000 2 0 0 0 0 0 0 0 0 0 23267 4 12 2 0 -17367.000000 
22.090380 700000 0 0 0 0 0 0 0 0 0 0 23491 0 15 3 0 -17394.000000 
22.131020 700000 0 0 0 0 0 0 0 0 0 0 23366 0 21 2 0 -17420.000000 
22.165310 700000 0 0 0 0 0 0 0 0 0 0 23760 4 12 1 0 -17453.000000 
22.198330 700000 0 0 0 0 0 0 0 0 0 0 23807 0 7 4 0 -17479.000000 
22.240240 700000 0 0 0 0 0 0 0 0 0 0 24072 0 23 2 0 -17512.000000 
22.273260 700000 2 0 0 0 0 0 0 0 0 0 24198 0 13 1 0 -17538.000000 
22.315170 700000 0 0 0 0 0 0 0 0 0 0 24561 2 15 0 0 -17571.000000 
22.348190 700000 2 0 0 0 0 0 0 0 0 0 24371 0 8 2 0 -17597.000000 
22.390100 700000 0 0 0 0 0 0 0 0 0 0 24159 0 17 1 0 -17630.000000 
22.423120 700000 2 0 1 0 0 0 0 0 1 0 22622 0 13 1 0 -17656.000000 
22.465031 700000 0 0 0 0 0 0 0 0 0 0 22639 0 18 2 0 -17689.000000 
22.481541 700000 0 0 0 0 0 0 0 0 0 0 23070 2 11 2 0 -17702.000000 
22.556471 700000 0 0 1 0 0 0 0 0 1 0 25513 2 22 1 0 -17761.000000 
22.598381 700000 0 0 0 0 0 0 0 0 0 0 24742 0 26 1 0 -17794.000000 
22.631401 700000 2 0 0 0 0 0 0 0 0 0 24357 2 11 3 0 -17820.000000 
22.665689 700000 0 0 0 0 0 0 0 0 0 0 25502 2 18 2 0 -17847.000000 
22.707600 700000 2 0 0 0 0 0 0 0 0 0 24458 4 28 1 0 -17880.000000 
22.740620 700000 0 0 1 0 0 0 0 0 0 1 25597 4 22 0 0 -17906.000000 
22.782530 700000 2 0 0 0 0 0 0 0 0 0 26288 2 16 3 0 -17939.000000 
22.815550 700000 0 0 0 1 0 0 0 0 0 0 25747 2 21 2 0 -17965.000000 
22.857460 700000 0 0 0 1 0 0 0 0 0 0 25870 0 11 1 0 -17998.000000 
22.890480 700000 0 0 1 1 0 0 1 0 0 1 25669 2 18 3 0 -18024.000000 
22.932390 700000 0 0 0 0 0 0 0 0 0 0 25990 2 22 0 0 -18057.000000 
22.965410 700000 4 0 0 0 0 0 0 0 0 0 25708 0 25 1 0 -18083.000000 
23.007320 700000 0 0 0 0 0 0 0 0 0 0 25894 2 17 1 0 -18116.000000 
23.040340 700000 2 0 0 0 0 0 0 0 0 0 25615 0 9 4 0 -18142.000000 
23.082251 700000 2 0 0 0 0 0 0 0 0 0 25562 0 21 2 0 -18175.000000 
23.115271 700000 0 0 0 0 0 0 0 0 0 0 26160 2 22 2 0 -18201.000000 
23.157181 700000 0 0 1 0 0 0 0 0 0 1 25881 0 22 2 0 -18234.000000 
23.191469 700000 0 2 0 0 0 0 0 0 0 0 25219 2 12 3 0 -18261.000000 
23.224489 700000 2 0 0 0 0 0 0 0 0 0 26116 0 12 0 0 -18287.000000 
23.265131 700000 0 0 0 0 0 0 0 0 0 0 26057 0 22 2 0 -18319.000000 
23.299419 700000 0 0 1 0 0 0 0 0 1 0 26317 0 17 1 0 -18346.000000 
23.341330 700000 0 0 0 0 0 0 0 0 0 0 24904 0 12 4 0 -18379.000000 
23.374350 700000 0 0 0 0 0 0 0 0 0 0 24779 0 22 1 0 -18405.000000 
23.416260 700000 0 0 0 0 0 0 0 0 0 0 24234 0 21 1 0 -18438.000000 
23.449280 700000 0 0 0 0 0 0 0 0 0 0 24494 0 21 1 0 -18464.000000 
23.491190 700000 0 0 0 0 0 0 0 0 0 0 24457 0 21 2 0 -18497.000000 
23.524210 700000 0 1 0 0 0 0 0 0 0 0 24573 0 24 1 0 -18523.000000 
23.566120 700000 0 0 0 0 0 0 0 0 0 0 24502 0 19 2 0 -18556.000000 
23.599140 700000 0 0 0 0 0 0 0 0 0 0 24520 0 23 1 0 -18582.000000 
23.641050 700000 0 0 0 0 0 0 0 0 0 0 24418 0 19 4 0 -18615.000000 
23.674070 700000 2 0 0 0 0 0 0 0 0 0 23686 0 12 1 0 -18641.000000 
23.708361 700000 0 0 0 0 1 0 0 0 0 0 23506 2 22 5 0 -18668.000000 
23.749001 700000 0 0 0 0 0 0 0 0 0 0 25021 0 16 2 0 -18700.000000 
23.783291 700000 0 0 0 0 0 0 0 0 0 0 25000 0 18 0 0 -18727.000000 
23.825201 700000 0 0 0 1 0 0 0 0 0 0 24800 0 15 0 0 -18760.000000 
23.858221 700000 0 0 0 0 0 0 0 0 0 0 23514 4 9 0 0 -18786.000000 
23.898861 700000 0 1 0 0 0 0 0 0 0 0 23546 0 16 0 0 -18818.000000 
23.933149 700000 2 0 0 0 0 0 0 0 0 0 23209 2 12 2 0 -18845.000000 
23.975060 700000 0 0 0 0 0 0 0 0 0 0 23170 0 17 3 0 -18878.000000 
24.008080 700000 2 0 1 0 0 0 0 0 1 0 23783 0 16 3 0 -18904.000000 
24.049990 700000 0 1 0 0 0 0 0 0 0 0 24456 0 15 2 0 -18937.000000 
24.083010 700000 0 1 0 0 0 0 0 0 0 0 23897 0 14 5 0 -18963.000000 
24.116030 700000 0 0 1 0 0 0 0 0 0 1 24344 2 15 1 0 -18989.000000 
24.157940 700000 2 0 0 0 0 0 0 0 0 0 23086 2 14 2 0 -19022.000000 
24.192230 700000 0 1 0 0 0 0 0 0 0 0 24386 2 23 0 0 -19049.000000 
24.232870 700000 2 0 0 0 0 0 0 0 0 0 23920 0 13 1 0 -19081.000000 
24.265890 700000 0 0 1 0 0 0 0 0 1 0 23640 2 16 2 0 -19107.000000 
24.307800 700000 2 0 0 0 0 0 0 0 0 0 23703 0 20 0 0 -19140.000000 
24.342091 700000 0 1 1 0 0 0 0 0 1 0 23713 0 19 1 0 -19167.000000 
24.382730 700000 4 1 1 0 0 0 0 0 0 1 24019 2 19 1 0 -19199.000000 
24.417021 700000 0 0 0 1 0 0 0 0 0 0 23899 2 17 3 0 -19226.000000 
24.458931 700000 2 0 0 0 0 0 0 0 0 0 24102 2 13 3 0 -19259.000000 
24.491951 700000 0 0 0 0 0 0 0 0 0 0 23282 0 3 2 0 -19285.000000 
24.533859 700000 0 0 0 0 0 0 0 0 0 0 22657 0 16 2 0 -19318.000000 
24.566879 700000 0 0 0 0 0 0 0 0 0 0 23310 0 21 2 0 -19344.000000 
24.608789 700000 2 0 1 0 0 0 0 0 1 0 21813 0 16 1 0 -19377.000000 
24.641809 700000 0 0 0 0 0 0 0 0 0 0 21985 0 15 1 0 -19403.000000 
24.683720 700000 0 0 0 0 0 0 0 0 0 0 22372 0 22 1 0 -19436.000000 
24.716740 700000 0 1 0 0 0 0 0 0 0 0 22841 0 19 1 0 -19462.000000 
24.758650 700000 2 0 0 0 0 0 0 0 0 0 22792 0 13 2 0 -19495.000000 
24.791670 700000 0 0 0 0 0 0 0 0 0 0 23211 0 17 3 0 -19521.000000 
24.833580 700000 0 0 0 0 0 0 0 0 0 0 23291 2 22 1 0 -19554.000000 
24.866600 700000 2 0 0 0 0 0 0 0 0 0 23421 2 13 2 0 -19580.000000 
24.908510 700000 2 0 0 0 0 0 0 0 0 0 24220 2 14 2 0 -19613.000000 
24.942801 700000 0 0 0 0 0 0 0 0 0 0 23678 0 13 1 0 -19640.000000 
24.983440 700000 0 0 0 0 0 0 0 0 0 0 23648 0 14 0 0 -19672.000000 
25.016460 700000 2 0 0 0 0 0 0 0 0 0 22622 0 11 0 0 -19698.000000 
25.058371 700000 0 0 0 0 0 0 0 0 0 0 22414 2 14 2 0 -19731.000000 
25.092661 700000 0 0 0 0 0 0 0 0 0 0 22638 4 8 1 0 -19758.000000 
25.133301 700000 2 0 0 0 0 0 0 0 0 0 22863 0 16 3 0 -19790.000000 
25.167591 700000 0 0 1 0 0 0 0 0 1 0 22781 2 10 1 0 -19817.000000 
25.200609 700000 0 0 0 0 0 0 0 0 0 0 23216 2 17 2 0 -19843.000000 
25.242519 700000 0 0 0 0 0 0 0 0 0 0 22792 0 15 2 0 -19876.000000 
25.275539 700000 2 1 0 0 0 0 0 0 0 0 22853 0 20 4 0 -19902.000000 
25.317450 700000 0 0 0 0 0 0 0 0 0 0 22882 0 19 2 0 -19935.000000 
25.350470 700000 2 0 0 0 0 0 0 0 0 0 24160 2 13 1 0 -19961.000000 
25.392380 700000 0 0 0 0 0 0 0 0 0 0 23856 0 19 1 0 -19994.000000 
25.425400 700000 0 0 0 0 0 0 0 0 0 0 24119 0 13 1 0 -20020.000000 
25.467310 700000 2 0 0 0 0 0 0 0 0 0 24001 0 14 1 0 -20053.000000 
25.500330 700000 0 0 0 0 0 0 0 0 0 0 23715 0 21 2 0 -20079.000000 
25.542240 700000 0 0 0 0 0 0 0 0 0 0 23403 4 18 0 0 -20112.000000 
25.576530 700000 2 1 0 0 0 0 0 0 0 0 23377 0 12 5 0 -20139.000000 
25.617170 700000 4 1 1 0 0 0 0 0 1 0 23483 0 24 1 0 -20171.000000 
25.650190 700000 0 0 0 0 0 0 0 0 0 0 23584 0 20 2 0 -20197.000000 
25.693371 700000 0 0 0 0 0 0 0 0 0 0 24005 0 12 2 0 -20231.000000 
25.726391 700000 0 0 1 0 0 0 0 0 1 0 23862 4 15 3 0 -20257.000000 
25.767031 700000 0 0 0 0 0 0 0 0 0 0 23497 0 20 2 0 -20289.000000 
25.801321 700000 0 0 1 0 0 0 0 0 0 1 23692 0 7 4 0 -20316.000000 
25.843229 700000 0 0 0 0 0 0 0 0 0 0 22986 0 17 4 0 -20349.000000 
25.876249 700000 0 0 0 0 0 0 0 0 0 0 22036 0 8 3 0 -20375.000000 
25.909269 700000 0 0 0 0 0 0 0 0 0 0 24077 0 15 0 0 -20401.000000 
25.951180 700000 0 0 1 0 0 0 0 0 1 0 24011 0 14 2 0 -20434.000000 
25.984200 700000 0 0 0 0 0 0 0 0 0 0 24533 0 18 2 0 -20460.000000 
26.026110 700000 0 0 0 0 0 0 0 0 0 0 25148 2 11 0 0 -20493.000000 
26.060400 700000 0 0 0 0 0 0 0 0 0 0 26128 2 20 4 0 -20520.000000 
26.101040 700000 0 0 0 0 0 0 0 0 0 0 25656 0 22 1 0 -20552.000000 
26.134060 700000 2 0 0 0 0 0 0 0 0 0 24710 2 13 0 0 -20578.000000 
26.175970 700000 0 0 0 0 0 0 0 0 0 0 23891 0 12 0 0 -20611.000000 
26.210260 700000 0 0 0 0 0 0 0 0 0 0 23908 2 11 3 0 -20638.000000 
26.250900 700000 2 0 0 0 0 0 0 0 0 0 23814 0 23 4 0 -20670.000000 
26.285191 700000 0 0 1 0 0 0 0 0 0 1 24848 2 14 1 0 -20697.000000 
26.327101 700000 0 0 0 0 0 0 0 0 0 0 24941 2 16 3 0 -20730.000000 
26.360121 700000 0 0 0 0 0 0 0 0 0 0 25949 2 19 0 0 -20756.000000 
26.393141 700000 0 0 0 0 0 0 0 0 0 0 25784 2 17 0 0 -20782.000000 
26.435051 700000 0 0 0 0 0 0 0 0 0 0 25496 6 18 4 0 -20815.000000 
26.468071 700000 0 0 0 0 0 0 0 0 0 0 26372 0 19 0 0 -20841.000000 
26.509979 700000 0 0 0 0 0 0 0 0 0 0 26045 0 8 2 0 -20874.000000 
26.542999 700000 0 0 0 0 0 0 0 0 0 0 25263 0 17 1 0 -20900.000000 
26.584909 700000 0 0 0 0 0 0 0 0 0 0 25947 2 7 3 0 -20933.000000 
26.617929 700000 0 0 1 0 0 0 0 0 1 0 26032 0 15 1 0 -20959.000000 
26.659840 700000 2 0 0 0 0 0 0 0 0 0 25849 4 19 0 0 -20992.000000 
26.694130 700000 0 0 0 0 0 0 0 0 0 0 25888 0 21 1 0 -21019.000000 
26.734770 700000 2 0 1 0 0 0 0 0 1 0 25797 4 22 0 0 -21051.000000 
26.767790 700000 0 0 0 0 0 0 0 0 0 0 24633 0 11 1 0 -21077.000000 
26.810970 700000 0 0 0 0 0 0 0 0 0 0 25528 0 24 0 0 -21111.000000 
26.843990 700000 0 0 0 0 0 0 0 0 0 0 25887 0 19 1 0 -21137.000000 
26.877010 700000 2 0 0 0 0 0 0 0 0 0 25675 4 18 2 0 -21163.000000 
26.918921 700000 0 0 0 0 0 0 0 0 0 0 25590 0 18 0 0 -21196.000000 
26.951941 700000 2 0 0 0 0 0 0 0 0 0 25109 6 21 0 0 -21222.000000 
26.993851 700000 0 0 0 0 0 0 0 0 0 0 24082 2 16 5 0 -21255.000000 
27.026871 700000 0 0 0 0 0 0 0 0 0 0 24626 2 15 2 0 -21281.000000 
27.068781 700000 0 0 0 0 0 0 0 0 0 0 23442 2 18 0 0 -21314.000000 
27.101801 700000 4 0 2 0 0 0 0 0 0 2 24012 0 6 1 0 -21340.000000 
27.143711 700000 0 0 0 0 0 0 0 0 0 0 23864 0 16 2 0 -21373.000000 
27.176731 700000 2 0 0 0 0 0 0 0 0 0 24317 2 15 2 0 -21399.000000 
27.218639 700000 0 0 0 0 0 0 0 0 0 0 24780 4 12 2 0 -21432.000000 
27.251659 700000 0 0 0 1 0 0 0 0 0 0 25269 0 14 3 0 -21458.000000 
27.293570 700000 0 0 1 0 0 0 0 0 1 0 25422 2 18 3 0 -21491.000000 
27.327860 700000 0 0 0 0 0 0 0 0 0 0 25179 2 21 2 0 -21518.000000 
27.360880 700000 0 0 0 0 0 0 0 0 0 0 25491 0 17 2 0 -21544.000000 
27.401520 700000 0 1 0 0 0 0 0 0 0 0 25754 0 14 3 0 -21576.000000 
27.435810 700000 0 0 0 0 0 0 0 0 0 0 25477 2 18 2 0 -21603.000000 
27.477720 700000 0 0 0 0 0 0 0 0 0 0 25104 2 15 1 0 -21636.000000 
27.510740 700000 0 1 1 0 0 0 0 0 0 1 25370 2 14 1 0 -21662.000000 
27.552650 700000 2 1 0 0 2 0 0 0 0 0 24862 2 32 2 0 -21695.000000 
27.585670 700000 0 5 0 0 5 0 0 0 0 0 25460 0 49 5 0 -21721.000000 
27.627581 700000 10 5 1 0 6 0 0 0 1 0 23883 10 88 4 0 -21754.000000 
27.660601 700000 4 19 0 0 13 2 0 1 0 0 23665 4 157 3 0 -21780.000000 
27.702511 700000 26 35 0 0 29 0 0 0 0 0 24093 6 360 8 0 -21813.000000 
27.735531 700000 66 75 0 0 113 2 0 1 0 0 24171 18 896 22 0 -21839.000000 
27.777441 700000 132 130 0 0 194 5 0 0 0 0 24947 42 1647 57 0 -21872.000000 
27.811729 700000 194 209 0 0 324 10 0 0 0 0 24569 58 2728 76 0 -21899.000000 
27.844749 700000 284 284 0 0 431 8 0 0 0 0 24885 88 3758 95 0 -21925.000000 
27.885389 700000 374 413 0 0 611 16 0 1 0 0 25210 126 5225 141 0 -21957.000000 
27.919680 700000 444 422 0 0 725 28 0 0 0 0 25062 150 5948 158 0 -21984.000000 
27.961590 700000 446 498 0 0 819 20 0 0 0 0 25394 118 6777 169 0 -22017.000000 
27.994610 700000 470 445 0 0 750 14 0 0 0 0 24638 140 6212 146 0 -22043.000000 
28.036520 700000 378 339 0 0 582 15 0 1 0 0 23597 118 4930 117 0 -22076.000000 
28.069540 700000 284 259 0 0 456 6 0 1 0 0 24043 118 3879 106 0 -22102.000000 
28.111450 700000 182 202 0 0 304 9 0 0 0 0 23675 60 2662 77 0 -22135.000000 
28.144470 700000 116 131 0 0 183 3 0 0 0 0 22878 42 1784 47 0 -22161.000000 
28.186380 700000 78 98 0 0 135 5 0 0 0 0 24417 38 1200 31 0 -22194.000000 
28.219400 700000 56 51 1 0 62 1 0 0 1 0 25022 18 645 17 0 -22220.000000 
28.261311 700000 18 24 0 0 29 1 0 0 0 0 23785 4 305 8 0 -22253.000000 
28.294331 700000 14 8 0 0 11 0 0 0 0 0 23496 4 131 6 0 -22279.000000 
28.328621 700000 6 3 0 0 8 0 0 0 0 0 23385 0 67 1 0 -22306.000000 
28.369261 700000 2 2 0 0 1 0 0 0 0 0 23717 2 34 1 0 -22338.000000 
28.402281 700000 0 0 0 0 2 0 0 0 0 0 23689 2 28 1 0 -22364.000000 
28.445459 700000 2 0 0 0 0 0 0 0 0 0 23334 2 15 1 0 -22398.000000 
28.478479 700000 0 0 0 0 0 0 0 0 0 0 23958 2 15 3 0 -22424.000000 
28.519119 700000 2 0 0 0 0 0 0 0 0 0 24565 0 18 2 0 -22456.000000 
28.553410 700000 0 0 0 0 0 0 0 0 0 0 24495 0 20 0 0 -22483.000000 
28.595320 700000 0 0 0 0 0 0 0 0 0 0 24126 0 17 2 0 -22516.000000 
28.628340 700000 0 0 0 0 0 0 0 0 0 0 24787 0 19 3 0 -22542.000000 
28.670250 700000 0 0 0 0 0 0 0 0 0 0 22660 0 10 0 0 -22575.000000 
28.703270 700000 0 0 0 0 0 0 0 0 0 0 23456 0 14 1 0 -22601.000000 
28.745180 700000 0 1 0 0 0 0 0 0 0 0 23373 2 14 1 0 -22634.000000 
28.778200 700000 0 0 0 0 0 0 0 0 0 0 23442 2 18 1 0 -22660.000000 
28.820110 700000 6 0 0 1 0 0 0 0 0 0 24017 0 16 1 0 -22693.000000 
28.862020 700000 2 1 0 0 0 0 0 0 0 0 23626 4 20 2 0 -22726.000000 
28.895041 700000 0 0 0 0 0 0 0 0 0 0 22113 0 12 0 0 -22752.000000 
28.936951 700000 0 0 0 0 0 0 0 0 0 0 22749 2 18 3 0 -22785.000000 
28.969971 700000 2 0 0 0 0 0 0 0 0 0 23122 0 14 2 0 -22811.000000 
29.002991 700000 2 0 0 0 0 0 0 0 0 0 22802 4 15 0 0 -22837.000000 
29.044901 700000 0 0 0 0 0 0 0 0 0 0 22780 2 12 1 0 -22870.000000 
29.079189 700000 0 0 0 0 0 0 0 0 0 0 23092 0 9 4 0 -22897.000000 
29.119831 700000 0 0 1 0 0 0 0 0 1 0 22143 2 14 2 0 -22929.000000 
29.152851 700000 0 0 0 0 0 0 0 0 0 0 22451 0 23 0 0 -22955.000000 
29.196030 700000 2 0 1 0 0 0 0 0 0 1 22848 0 15 1 0 -22989.000000 
29.229050 700000 0 0 1 0 0 0 0 0 1 0 23122 4 19 1 0 -23015.000000 
29.269690 700000 2 0 0 0 0 0 0 0 0 0 22963 0 16 2 0 -23047.000000 
29.303980 700000 2 0 1 0 0 0 0 0 1 0 23458 0 15 2 0 -23074.000000 
29.362400 700000 0 0 0 0 0 0 0 0 0 0 24147 2 20 3 0 -23120.000000 
29.395420 700000 0 1 0 0 0 0 0 0 0 0 25371 0 17 1 0 -23146.000000 
29.437330 700000 0 0 0 1 0 0 0 0 0 0 25338 0 9 2 0 -23179.000000 
29.470350 700000 0 0 0 0 0 0 0 0 0 0 25599 2 17 0 0 -23205.000000 
29.512260 700000 0 0 0 0 0 0 0 0 0 0 25175 4 17 1 0 -23238.000000 
29.545280 700000 0 0 0 0 0 0 0 0 0 0 25047 0 17 1 0 -23264.000000 
29.587191 700000 2 0 0 0 0 0 0 0 0 0 25255 0 19 0 0 -23297.000000 
29.620211 700000 0 0 0 0 0 0 0 0 0 0 25429 0 11 2 0 -23323.000000 
29.662121 700000 2 0 0 0 0 0 0 0 0 0 25644 2 12 0 0 -23356.000000 
29.696411 700000 0 0 0 0 0 0 0 0 0 0 25398 0 23 1 0 -23383.000000 
29.737051 700000 0 0 0 1 0 0 0 0 0 0 25060 2 19 1 0 -23415.000000 
29.770071 700000 0 0 0 0 0 0 0 0 0 0 26024 0 12 5 0 -23441.000000 
29.804359 700000 2 0 1 0 0 0 0 0 0 1 25718 0 22 0 0 -23468.000000 
29.846270 700000 0 0 0 1 0 0 0 0 0 0 24700 2 16 0 0 -23501.000000 
29.879290 700000 0 0 0 0 1 0 0 0 0 0 24064 0 18 1 0 -23527.000000 
29.921200 700000 0 0 2 0 0 0 0 0 2 0 24806 0 20 0 0 -23560.000000 
29.954220 700000 0 0 0 0 0 0 0 0 0 0 25160 0 20 4 0 -23586.000000 
29.996130 700000 0 0 1 0 0 0 0 0 1 0 25035 2 14 1 0 -23619.000000 
30.029150 700000 0 0 0 0 0 0 0 0 0 0 25477 0 26 5 0 -23645.000000 
30.071060 700000 2 0 0 0 0 0 0 0 0 0 25786 2 18 0 0 -23678.000000 
30.104080 700000 0 0 1 0 0 0 0 0 0 1 26753 0 23 2 0 -23704.000000 
30.145990 700000 0 0 0 0 0 0 0 0 0 0 26013 0 21 3 0 -23737.000000 
30.179010 700000 0 0 0 0 0 0 0 0 0 0 26062 0 17 1 0 -23763.000000 
30.220921 700000 0 0 0 0 0 0 0 0 0 0 26433 0 22 2 0 -23796.000000 
30.253941 700000 0 0 0 0 0 0 0 0 0 0 26477 0 17 1 0 -23822.000000 
30.288231 700000 2 0 0 0 0 0 0 0 0 0 25463 0 17 1 0 -23849.000000 
30.330141 700000 0 0 0 0 0 0 0 0 0 0 25845 0 13 0 0 -23882.000000 
30.363161 700000 0 0 0 0 0 0 0 0 0 0 25405 2 25 2 0 -23908.000000 
30.403801 700000 2 0 0 0 0 0 0 0 0 0 25573 0 16 2 0 -23940.000000 
30.438089 700000 2 0 0 0 0 0 0 0 0 0 25469 2 10 1 0 -23967.000000 
30.480000 700000 0 0 0 0 0 0 0 0 0 0 25744 4 21 3 0 -24000.000000 
30.513020 700000 0 0 1 0 0 0 0 0 0 1 25239 0 9 0 0 -24026.000000 
30.554930 700000 2 0 0 0 0 0 0 0 0 0 25423 0 13 2 0 -24059.000000 
30.587950 700000 0 0 0 0 0 0 0 0 0 0 25257 2 14 2 0 -24085.000000 
30.629860 700000 0 0 0 0 0 0 0 0 0 0 22783 2 12 1 0 -24118.000000 
30.662880 700000 4 0 0 0 0 0 0 0 0 0 23841 0 15 1 0 -24144.000000 
30.704790 700000 0 0 0 0 0 0 0 0 0 0 24752 2 16 1 0 -24177.000000 
30.737810 700000 0 0 0 0 0 0 0 0 0 0 24841 0 24 0 0 -24203.000000 
30.779720 700000 0 0 0 0 0 0 0 0 0 0 25454 2 19 1 0 -24236.000000 
30.814011 700000 0 0 0 0 0 0 0 0 0 0 25553 0 18 2 0 -24263.000000 
30.847031 700000 0 0 0 0 0 0 0 0 0 0 23435 0 17 0 0 -24289.000000 
30.887671 700000 0 0 1 0 0 0 0 0 0 1 22693 0 12 0 0 -24321.000000 
30.921961 700000 2 0 0 0 0 0 0 0 0 0 22862 0 13 0 0 -24348.000000 
30.963871 700000 0 0 0 1 0 0 0 0 0 0 23062 0 18 1 0 -24381.000000 
30.996891 700000 0 0 0 0 0 0 0 0 0 0 23585 6 7 1 0 -24407.000000 
31.038799 700000 0 0 0 0 0 0 0 0 0 0 24240 2 12 2 0 -24440.000000 
31.071819 700000 0 0 0 0 0 0 0 0 0 0 23556 2 16 1 0 -24466.000000 
31.113729 700000 0 0 0 1 0 0 0 0 0 0 23326 2 16 1 0 -24499.000000 
31.146749 700000 0 0 0 0 0 0 0 0 0 0 23206 0 20 1 0 -24525.000000 
31.188660 700000 0 0 0 0 0 0 0 0 0 0 21408 0 18 1 0 -24558.000000 
31.221680 700000 0 0 0 0 0 0 0 0 0 0 22018 0 15 3 0 -24584.000000 
31.263590 700000 0 0 0 0 0 0 0 0 0 0 21275 2 16 0 0 -24617.000000 
31.296610 700000 0 0 0 0 0 0 0 0 0 0 21465 0 18 1 0 -24643.000000 
31.330900 700000 0 0 0 0 0 0 0 0 0 0 23347 0 15 0 0 -24670.000000 
31.371540 700000 0 1 0 0 0 0 0 0 0 0 25388 0 16 2 0 -24702.000000 
31.404560 700000 4 0 0 0 0 0 0 0 0 0 24812 0 18 1 0 -24728.000000 
31.447741 700000 0 0 0 0 0 0 0 0 0 0 25039 0 15 2 0 -24762.000000 
31.480761 700000 0 0 0 0 0 0 0 0 0 0 24918 0 14 3 0 -24788.000000 
31.521400 700000 0 0 0 0 0 0 0 0 0 0 23634 0 22 2 0 -24820.000000 
31.555691 700000 2 0 0 0 0 0 0 0 0 0 24466 0 24 0 0 -24847.000000 
31.597601 700000 0 0 0 0 0 0 0 0 0 0 23466 0 17 1 0 -24880.000000 
31.630621 700000 2 0 0 0 0 0 0 0 0 0 23417 2 15 5 0 -24906.000000 
31.672531 700000 0 0 0 1 0 0 0 0 0 0 23372 0 17 1 0 -24939.000000 
31.705551 700000 0 0 1 0 0 0 0 0 1 0 23608 2 15 1 0 -24965.000000 
31.738569 700000 0 0 0 0 0 0 0 0 0 0 23163 2 12 4 0 -24991.000000 
31.780479 700000 0 0 0 0 0 0 0 0 0 0 23203 4 12 1 0 -25024.000000 
31.814770 700000 0 1 0 0 0 0 0 0 0 0 22879 0 19 2 0 -25051.000000 
31.855410 700000 0 0 0 0 0 0 0 0 0 0 23069 0 10 1 0 -25083.000000 
31.888430 700000 0 0 0 0 0 0 0 0 0 0 23091 0 26 1 0 -25109.000000 
31.930340 700000 0 0 0 0 0 0 0 0 0 0 21136 2 12 3 0 -25142.000000 
31.964630 700000 2 1 0 0 0 0 0 0 0 0 21347 2 12 1 0 -25169.000000 
32.005272 700000 0 0 0 0 0 0 0 0 0 0 21839 0 17 0 0 -25201.000000 
32.039558 700000 0 0 0 0 0 0 0 0 0 0 22027 0 18 2 0 -25228.000000 
32.081470 700000 0 0 0 0 0 0 0 0 0 0 22135 0 17 1 0 -25261.000000 
32.114491 700000 0 0 0 0 0 0 0 0 0 0 22502 0 10 2 0 -25287.000000 
32.155128 700000 0 0 0 0 0 0 0 0 0 0 22704 0 12 1 0 -25313.000000 
32.189419 700000 2 0 0 0 0 0 0 0 0 0 20862 0 13 2 0 -25346.000000 
32.222439 700000 0 0 0 0 0 0 0 0 0 0 21868 2 17 1 0 -25372.000000 
32.264351 700000 2 0 0 0 0 0 0 0 0 0 22090 4 13 0 0 -25405.000000 
32.297371 700000 2 0 1 0 0 0 0 0 0 1 21966 0 15 1 0 -25431.000000 
32.339279 700000 2 0 0 0 0 0 0 0 0 0 22607 0 17 0 0 -25464.000000 
32.372299 700000 0 0 1 0 0 0 0 0 1 0 21950 0 12 3 0 -25490.000000 
32.414211 700000 0 0 0 0 0 0 0 0 0 0 22249 0 13 1 0 -25523.000000 
32.448502 700000 0 0 0 0 0 0 0 0 0 0 22693 0 13 1 0 -25550.000000 
32.489140 700000 2 0 0 0 0 0 0 0 0 0 22977 0 16 3 0 -25582.000000 
32.522160 700000 0 0 0 0 0 0 0 0 0 0 22579 0 16 3 0 -25608.000000 
32.565342 700000 0 0 1 0 0 0 0 0 1 0 23163 0 18 0 0 -25642.000000 
32.598362 700000 2 0 0 0 0 0 0 0 0 0 23145 0 18 3 0 -25668.000000 
32.639000 700000 0 0 0 0 0 0 0 0 0 0 22788 2 7 1 0 -25700.000000 
32.673290 700000 0 1 0 0 0 0 0 0 0 0 22776 0 17 4 0 -25727.000000 
32.706310 700000 0 0 0 0 0 0 0 0 0 0 22279 0 12 1 0 -25753.000000 
32.748219 700000 2 0 0 0 0 0 0 0 0 0 22419 4 16 0 0 -25786.000000 
32.781239 700000 0 1 0 0 0 0 0 0 0 0 23938 0 16 0 0 -25812.000000 
32.823151 700000 0 0 0 0 0 0 0 0 0 0 22497 0 16 1 0 -25845.000000 
32.856171 700000 2 0 0 0 0 0 0 0 0 0 22303 0 14 2 0 -25871.000000 
32.898079 700000 0 0 0 0 0 0 0 0 0 0 22660 0 15 1 0 -25904.000000 
32.931099 700000 0 0 0 0 0 0 0 0 0 0 21858 2 13 0 0 -25930.000000 
32.973011 700000 0 0 1 0 0 0 0 0 1 0 21844 0 20 1 0 -25963.000000 
33.006031 700000 0 0 2 0 0 0 0 0 2 0 22098 0 13 4 0 -25989.000000 
33.047939 700000 0 0 0 0 0 0 0 0 0 0 22311 0 14 1 0 -26022.000000 
33.082230 700000 0 0 0 0 0 0 0 0 0 0 22102 0 10 3 0 -26049.000000 
33.122871 700000 0 0 0 0 0 0 0 0 0 0 21900 0 16 2 0 -26081.000000 
33.155891 700000 0 0 0 0 0 0 0 0 0 0 22608 0 19 2 0 -26107.000000 
33.199070 700000 0 0 1 0 0 0 0 0 0 1 22722 0 15 0 0 -26141.000000 
33.232090 700000 0 0 0 0 0 0 0 0 0 0 21972 0 11 1 0 -26167.000000 
33.272732 700000 0 0 0 0 0 0 0 0 0 0 22062 0 12 5 0 -26199.000000 
33.307022 700000 0 0 1 0 0 0 0 0 0 1 21509 2 15 1 0 -26226.000000 
33.340042 700000 0 0 0 0 0 0 0 0 0 0 21267 0 11 0 0 -26252.000000 
33.381950 700000 0 0 0 0 0 0 0 0 0 0 21547 0 12 2 0 -26285.000000 
33.414970 700000 2 0 0 0 0 0 0 0 0 0 21737 0 15 1 0 -26311.000000 
33.456879 700000 0 0 0 0 0 0 0 0 0 0 21555 2 14 2 0 -26344.000000 
33.489899 700000 0 1 0 0 0 0 0 0 0 0 21954 2 14 1 0 -26370.000000 
33.531811 700000 0 0 0 0 0 0 0 0 0 0 21890 0 16 3 0 -26403.000000 
33.566101 700000 0 0 0 0 0 0 0 0 0 0 21925 0 20 4 0 -26430.000000 
33.606739 700000 2 0 0 0 0 0 0 0 0 0 21687 2 13 1 0 -26462.000000 
33.639759 700000 0 0 0 0 0 0 0 0 0 0 20661 2 11 0 0 -26488.000000 
33.681671 700000 0 0 2 0 0 0 0 0 1 1 19504 0 16 0 0 -26521.000000 
33.715961 700000 2 0 1 0 0 0 0 0 1 0 18034 2 13 0 0 -26548.000000 
33.748981 700000 2 0 0 0 0 0 0 0 0 0 18079 0 16 2 0 -26574.000000 
33.790890 700000 0 0 0 0 0 0 0 0 0 0 19777 0 14 0 0 -26607.000000 
33.823910 700000 0 0 0 0 0 0 0 0 0 0 20575 2 18 5 0 -26633.000000 
33.865822 700000 0 0 0 0 0 0 0 0 0 0 21123 0 15 1 0 -26666.000000 
33.898842 700000 0 0 1 0 0 0 0 0 0 1 22398 0 17 0 0 -26692.000000 
33.940750 700000 0 0 0 0 0 0 0 0 0 0 24566 2 11 1 0 -26725.000000 
33.973770 700000 0 0 1 0 0 0 0 0 0 1 23980 4 23 3 0 -26751.000000 
34.015678 700000 0 0 1 0 0 0 0 0 1 0 24001 0 17 1 0 -26784.000000 
34.048698 700000 2 0 0 0 0 0 0 0 0 0 24437 0 19 0 0 -26810.000000 
34.090611 700000 0 0 0 0 0 0 0 0 0 0 24067 2 17 2 0 -26843.000000 
34.123631 700000 2 0 0 0 0 0 0 0 0 0 24223 2 19 3 0 -26869.000000 
34.165539 700000 2 1 0 0 0 0 0 0 0 0 24437 2 16 0 0 -26902.000000 
34.199829 700000 0 0 0 0 0 0 0 0 0 0 24219 0 12 3 0 -26929.000000 
34.232849 700000 0 0 0 0 0 0 0 0 0 0 24249 2 24 2 0 -26955.000000 
34.273491 700000 2 0 1 0 0 0 0 0 1 0 24289 2 19 2 0 -26987.000000 
34.307781 700000 0 0 0 0 0 0 0 0 0 0 24125 0 14 0 0 -27014.000000 
34.349689 700000 0 0 0 0 0 0 0 0 0 0 24815 0 17 1 0 -27047.000000 
34.382710 700000 0 0 1 0 0 0 0 0 1 0 24373 2 17 2 0 -27073.000000 
34.424622 700000 0 0 0 0 0 0 0 0 0 0 24225 0 15 2 0 -27106.000000 
34.457642 700000 2 1 0 0 0 0 0 0 0 0 23463 0 16 1 0 -27132.000000 
34.499550 700000 2 0 0 0 0 0 0 0 0 0 22840 2 15 1 0 -27165.000000 
34.532570 700000 0 1 0 0 0 0 0 0 0 0 21173 0 16 1 0 -27191.000000 
34.574482 700000 0 0 0 0 0 0 0 0 0 0 21778 0 13 3 0 -27224.000000 
34.607502 700000 0 0 0 0 0 0 0 0 0 0 23167 0 11 0 0 -27250.000000 
34.649410 700000 0 0 1 0 0 0 0 0 0 1 22667 0 15 3 0 -27283.000000 
34.682430 700000 0 0 0 0 0 0 0 0 0 0 23079 0 17 1 0 -27309.000000 
34.716721 700000 0 0 0 0 0 0 0 0 0 0 23124 4 10 1 0 -27336.000000 
34.757359 700000 0 0 0 0 0 0 0 0 0 0 24451 2 19 1 0 -27368.000000 
34.791649 700000 2 0 0 0 0 0 0 0 0 0 25136 0 19 3 0 -27395.000000 
34.833561 700000 2 0 1 0 0 0 0 0 0 1 25172 2 16 0 0 -27428.000000 
34.866581 700000 0 0 0 0 0 0 0 0 0 0 24774 0 19 0 0 -27454.000000 
34.908489 700000 0 0 0 0 0 0 0 0 0 0 24794 4 18 3 0 -27487.000000 
34.941509 700000 0 0 0 0 0 0 0 0 0 0 25353 4 18 1 0 -27513.000000 
34.983421 700000 4 0 0 0 0 0 0 0 0 0 24593 0 13 2 0 -27546.000000 
35.016441 700000 0 0 0 0 0 0 0 0 0 0 25463 0 24 2 0 -27572.000000 
35.058350 700000 2 0 0 0 0 0 0 0 0 0 25292 0 13 4 0 -27605.000000 
35.091370 700000 0 0 0 0 0 0 0 0 0 0 25345 4 22 1 0 -27631.000000 
35.133282 700000 0 0 0 0 0 0 0 0 0 0 25487 0 20 6 0 -27657.000000 
35.166302 700000 0 0 0 0 0 0 0 0 0 0 25462 4 26 0 0 -27690.000000 
35.200592 700000 0 0 0 0 0 0 0 0 0 0 25514 2 10 1 0 -27717.000000 
35.241230 700000 2 0 0 0 0 0 0 0 0 0 25435 0 18 3 0 -27749.000000 
35.274250 700000 0 0 0 0 0 0 0 0 0 0 25322 0 16 2 0 -27775.000000 
35.317429 700000 2 0 0 1 0 0 0 0 0 0 24960 0 10 4 0 -27809.000000 
35.350449 700000 0 0 0 0 0 0 0 0 0 0 25046 0 14 0 0 -27835.000000 
35.391090 700000 0 0 0 0 0 0 0 0 0 0 24945 2 19 0 0 -27867.000000 
35.425381 700000 0 0 0 0 0 0 0 0 0 0 24448 2 18 0 0 -27894.000000 
35.467289 700000 2 0 0 1 0 0 0 0 0 0 25295 0 18 1 0 -27927.000000 
35.500309 700000 0 0 1 0 0 0 0 0 0 1 24900 0 14 3 0 -27953.000000 
35.542221 700000 0 0 0 0 0 0 0 0 0 0 24421 0 17 3 0 -27986.000000 
35.575241 700000 2 0 0 0 0 0 0 0 0 0 24432 0 14 2 0 -28012.000000 
35.617149 700000 0 0 0 0 0 0 0 0 0 0 24445 2 26 0 0 -28045.000000 
35.650169 700000 2 0 0 0 0 0 0 0 0 0 24011 2 19 1 0 -28071.000000 
35.683189 700000 0 0 0 0 1 0 0 0 0 0 24373 4 17 2 0 -28097.000000 
35.725101 700000 0 0 1 0 0 0 0 0 1 0 24388 2 16 4 0 -28130.000000 
35.758121 700000 4 0 0 0 0 0 0 0 0 0 24375 2 23 0 0 -28156.000000 
35.800030 700000 0 0 0 0 0 0 0 0 0 0 25180 0 22 1 0 -28189.000000 
35.834320 700000 0 0 0 0 0 0 0 0 0 0 25747 0 18 0 0 -28216.000000 
35.874962 700000 0 0 0 0 0 0 0 0 0 0 25485 2 15 0 0 -28248.000000 
35.909248 700000 0 0 0 0 0 0 0 0 0 0 25645 0 15 5 0 -28275.000000 
35.951160 700000 0 0 1 0 0 0 0 0 0 1 25799 0 19 1 0 -28308.000000 
35.984180 700000 0 0 0 0 0 0 0 0 0 0 25161 2 21 1 0 -28334.000000 
36.024818 700000 0 0 0 0 0 0 0 0 0 0 25286 0 10 2 0 -28366.000000 
36.059109 700000 0 0 0 0 0 0 0 0 0 0 25066 2 17 0 0 -28393.000000 
36.101021 700000 0 1 0 0 0 0 0 0 0 0 25210 2 18 1 0 -28426.000000 
36.134041 700000 0 0 0 0 0 0 0 0 0 0 24679 0 10 0 0 -28452.000000 
36.167061 700000 2 0 1 0 0 0 0 0 0 1 24110 0 20 1 0 -28478.000000 
36.208969 700000 0 1 0 0 0 0 0 0 0 0 23712 0 21 0 0 -28511.000000 
36.241989 700000 2 0 0 0 0 0 0 0 0 0 24558 2 10 0 0 -28537.000000 
36.283901 700000 0 1 0 0 0 0 0 0 0 0 25382 0 10 3 0 -28570.000000 
36.318192 700000 0 0 0 0 0 0 0 0 0 0 25429 0 12 0 0 -28597.000000 
36.358829 700000 0 0 0 0 0 0 0 0 0 0 25350 0 22 4 0 -28629.000000 
36.391850 700000 2 0 0 0 0 0 0 0 0 0 25961 2 22 1 0 -28655.000000 
36.433762 700000 0 0 1 0 0 0 0 0 0 1 25386 2 13 2 0 -28688.000000 
36.468052 700000 0 0 1 0 0 0 0 0 1 0 25545 0 15 3 0 -28715.000000 
36.508690 700000 0 0 0 0 0 0 0 0 0 0 25401 0 14 0 0 -28747.000000 
36.542980 700000 0 0 0 0 0 0 0 0 0 0 25391 0 18 3 0 -28774.000000 
36.576000 700000 0 0 0 0 0 0 0 0 0 0 25274 0 13 0 0 -28800.000000 
36.617908 700000 0 0 0 0 0 0 0 0 0 0 25505 2 13 0 0 -28833.000000 
36.650928 700000 0 0 1 0 0 0 0 0 1 0 25413 0 18 1 0 -28859.000000 
36.692841 700000 2 0 0 0 0 0 0 0 0 0 25299 2 15 1 0 -28892.000000 
36.725861 700000 0 0 0 0 0 0 0 0 0 0 25026 0 16 2 0 -28918.000000 
36.767769 700000 0 0 0 0 0 0 0 0 0 0 24773 0 13 1 0 -28951.000000 
36.800789 700000 2 0 0 0 0 0 0 0 0 0 24371 0 17 0 0 -28977.000000 
36.842701 700000 2 0 0 0 0 0 0 0 0 0 24445 2 26 3 0 -29010.000000 
36.875721 700000 0 0 0 0 0 0 0 0 0 0 24586 0 13 2 0 -29036.000000 
36.917629 700000 0 0 0 1 0 0 0 0 0 0 25154 0 15 2 0 -29069.000000 
36.951920 700000 0 0 0 0 0 0 0 0 0 0 25166 2 14 2 0 -29096.000000 
36.984940 700000 0 0 1 0 0 0 0 0 0 1 25249 4 14 3 0 -29122.000000 
37.026852 700000 0 0 0 0 0 0 0 0 0 0 25273 0 18 2 0 -29155.000000 
37.059872 700000 0 0 0 0 0 0 0 0 0 0 25155 2 18 0 0 -29181.000000 
37.101780 700000 0 0 0 1 0 0 0 0 0 0 25279 2 13 1 0 -29214.000000 
37.134800 700000 4 0 0 0 0 0 0 0 0 0 24952 0 13 4 0 -29240.000000 
37.176712 700000 0 0 0 0 0 0 0 0 0 0 24648 2 16 4 0 -29273.000000 
37.209732 700000 0 0 2 0 0 0 0 0 0 2 25107 2 19 2 0 -29299.000000 
37.251640 700000 0 0 0 0 0 0 0 0 0 0 25384 0 11 0 0 -29332.000000 
37.284660 700000 0 0 0 0 0 0 0 0 0 0 25483 0 22 1 0 -29358.000000 
37.326569 700000 2 0 0 0 0 0 0 0 0 0 25652 0 16 1 0 -29391.000000 
37.359589 700000 2 0 0 0 0 0 0 0 0 0 25796 6 18 0 0 -29417.000000 
37.401501 700000 0 0 0 0 0 0 0 0 0 0 25963 0 10 2 0 -29450.000000 
37.434521 700000 0 0 0 0 0 0 0 0 0 0 25452 4 21 1 0 -29476.000000 
37.476429 700000 0 0 2 0 0 0 0 0 1 1 25545 4 22 1 0 -29509.000000 
37.509449 700000 0 0 0 0 0 0 0 0 0 0 25393 4 16 2 0 -29535.000000 
37.543739 700000 4 0 0 0 0 0 0 0 0 0 25456 0 14 2 0 -29562.000000 
37.585651 700000 0 0 0 0 0 0 0 0 0 0 25088 0 22 3 0 -29595.000000 
37.618671 700000 2 0 0 0 0 0 0 0 0 0 24724 2 18 1 0 -29621.000000 
37.660580 700000 0 0 0 0 0 0 0 0 0 0 24769 0 23 3 0 -29654.000000 
37.693600 700000 0 0 0 0 0 0 0 0 0 0 24845 0 25 2 0 -29680.000000 
37.735512 700000 0 0 0 0 0 0 0 0 0 0 24669 2 15 2 0 -29713.000000 
37.768532 700000 2 0 0 0 0 0 0 0 0 0 24373 0 15 2 0 -29739.000000 
37.810440 700000 0 0 0 0 0 0 0 0 0 0 24163 0 14 2 0 -29772.000000 
37.843460 700000 0 0 0 0 0 0 0 0 0 0 24574 0 15 0 0 -29798.000000 
37.885368 700000 0 1 0 0 0 0 0 0 0 0 24400 0 13 1 0 -29831.000000 
37.918388 700000 2 0 0 0 0 0 0 0 0 0 24654 6 20 0 0 -29857.000000 
37.952679 700000 0 0 0 0 0 0 0 0 0 0 24556 0 17 3 0 -29884.000000 
37.993320 700000 0 0 0 0 0 0 0 0 0 0 24634 0 26 2 0 -29916.000000 
38.027611 700000 0 0 1 0 0 0 0 0 0 1 24494 2 19 1 0 -29943.000000 
38.069519 700000 0 1 0 0 0 0 0 0 0 0 24844 0 7 4 0 -29976.000000 
38.102539 700000 0 0 0 1 0 0 0 0 0 0 24769 2 22 1 0 -30002.000000 
38.143181 700000 2 0 0 0 0 0 0 0 0 0 24872 0 26 5 0 -30034.000000 
38.177471 700000 0 0 0 0 0 0 0 0 0 0 24748 0 22 4 0 -30061.000000 
38.219379 700000 0 0 0 0 0 0 0 0 0 0 24648 0 15 0 0 -30094.000000 
38.252399 700000 2 0 0 0 0 0 0 0 0 0 24873 0 21 0 0 -30120.000000 
38.294312 700000 2 0 0 0 0 0 0 0 0 0 24699 0 28 0 0 -30153.000000 
38.327332 700000 0 0 0 0 0 0 0 0 0 0 23459 2 12 2 0 -30179.000000 
38.369240 700000 2 0 0 0 0 0 0 0 0 0 23974 0 17 1 0 -30212.000000 
38.402260 700000 0 0 0 0 0 0 0 0 0 0 24003 4 15 3 0 -30238.000000 
38.435280 700000 0 0 0 0 0 0 0 0 0 0 24652 0 14 2 0 -30264.000000 
38.477192 700000 0 0 0 0 0 0 0 0 0 0 24489 0 10 3 0 -30297.000000 
38.510212 700000 0 0 0 0 0 0 0 0 0 0 24231 2 10 2 0 -30323.000000 
38.552120 700000 2 0 0 0 0 0 0 0 0 0 24132 0 23 2 0 -30356.000000 
38.586411 700000 0 1 0 0 0 0 0 0 0 0 24480 2 15 1 0 -30383.000000 
38.602921 700000 0 0 0 0 0 0 0 0 0 0 24635 2 20 1 0 -30396.000000 
38.677849 700000 2 1 0 0 0 0 0 0 0 0 24009 0 15 3 0 -30455.000000 
38.710869 700000 0 0 0 0 1 0 0 0 0 0 24408 0 14 1 0 -30481.000000 
38.752781 700000 0 0 0 0 0 0 0 0 0 0 24313 0 24 0 0 -30514.000000 
38.785801 700000 0 0 1 0 0 0 0 0 1 0 23870 0 20 3 0 -30540.000000 
38.827709 700000 0 0 0 0 0 0 0 0 0 0 24141 2 18 0 0 -30567.000000 
38.860729 700000 0 0 1 0 0 0 0 0 1 0 24229 0 18 1 0 -30599.000000 
38.895020 700000 2 0 1 0 0 0 0 0 0 1 24773 0 21 1 0 -30626.000000 
38.935661 700000 2 0 0 0 0 0 0 0 0 0 25366 0 17 1 0 -30658.000000 
38.969952 700000 0 0 0 0 0 0 0 0 0 0 25192 0 20 3 0 -30685.000000 
39.010590 700000 2 0 0 1 0 0 0 0 0 0 24912 0 21 3 0 -30717.000000 
39.044880 700000 0 0 0 0 0 0 0 0 0 0 24814 2 11 0 0 -30744.000000 
39.086792 700000 0 0 0 0 0 0 0 0 0 0 23514 2 13 1 0 -30777.000000 
39.119812 700000 0 0 1 0 0 0 0 0 0 1 24160 0 16 0 0 -30803.000000 
39.161720 700000 2 0 0 0 0 0 0 0 0 0 25052 4 18 0 0 -30836.000000 
39.194740 700000 2 0 0 0 0 0 0 0 0 0 25121 0 24 2 0 -30862.000000 
39.236649 700000 0 0 0 0 0 0 0 0 0 0 25323 0 8 2 0 -30895.000000 
39.269669 700000 0 0 0 0 0 0 0 0 0 0 25757 0 18 2 0 -30921.000000 
39.311581 700000 0 0 0 0 0 0 0 0 0 0 25177 0 14 1 0 -30954.000000 
39.344601 700000 0 0 0 0 0 0 0 0 0 0 24507 0 15 3 0 -30980.000000 
39.386509 700000 0 0 0 0 0 0 0 0 0 0 24674 2 19 0 0 -31013.000000 
39.419529 700000 0 0 0 0 0 0 0 0 0 0 24357 2 29 2 0 -31039.000000 
39.453819 700000 0 0 0 0 0 0 0 0 0 0 24476 0 16 4 0 -31066.000000 
39.494461 700000 0 0 0 0 0 0 0 0 0 0 24041 0 14 1 0 -31098.000000 
39.528751 700000 0 0 0 0 0 0 0 0 0 0 22971 2 16 1 0 -31125.000000 
39.570660 700000 0 1 0 0 0 0 0 0 0 0 23197 2 17 0 0 -31158.000000 
39.603680 700000 0 0 0 0 0 0 0 0 0 0 23723 0 18 1 0 -31184.000000 
39.645592 700000 0 0 1 0 0 0 0 0 0 1 24225 0 22 3 0 -31217.000000 
39.678612 700000 2 0 1 0 0 0 0 0 1 0 24281 2 15 2 0 -31243.000000 
39.720520 700000 2 0 0 0 0 0 0 0 0 0 23978 2 11 3 0 -31276.000000 
39.753540 700000 0 0 0 0 0 0 0 0 0 0 24581 0 18 3 0 -31302.000000 
39.795452 700000 0 0 0 0 0 0 0 0 0 0 24562 2 19 0 0 -31335.000000 
39.828472 700000 0 0 0 0 0 0 0 0 0 0 24607 2 22 0 0 -31361.000000 
39.870380 700000 0 0 0 0 0 0 0 0 0 0 23908 0 13 1 0 -31387.000000 
39.903400 700000 0 0 0 0 0 0 0 0 0 0 23937 2 25 3 0 -31420.000000 
39.936420 700000 0 0 0 0 0 0 0 0 0 0 23758 2 8 2 0 -31446.000000 
39.978329 700000 0 0 0 0 0 0 0 0 0 0 23733 0 13 1 0 -31479.000000 
40.011349 700000 0 0 0 0 0 0 0 0 0 0 23779 0 13 3 0 -31505.000000 
40.053261 700000 0 0 0 0 0 0 0 0 0 0 24416 0 11 0 0 -31538.000000 
40.087551 700000 0 0 2 0 0 0 0 0 0 2 24285 2 22 1 0 -31565.000000 
40.128189 700000 0 0 0 0 0 0 0 0 0 0 24685 0 23 0 0 -31597.000000 
40.162479 700000 2 0 0 0 0 0 0 0 0 0 24926 0 11 2 0 -31624.000000 
40.204391 700000 0 0 0 0 0 0 0 0 0 0 25097 0 22 1 0 -31657.000000 
40.237411 700000 2 0 0 0 0 0 0 0 0 0 24627 0 14 2 0 -31683.000000 
40.279320 700000 0 0 0 0 0 0 0 0 0 0 24998 0 25 2 0 -31716.000000 
40.312340 700000 0 1 0 0 0 0 0 0 0 0 24950 2 18 1 0 -31742.000000 
40.354252 700000 0 0 0 0 0 0 0 0 0 0 25013 4 12 2 0 -31775.000000 
40.387272 700000 0 0 0 0 0 0 0 0 0 0 25180 0 21 2 0 -31801.000000 
40.429180 700000 0 1 0 0 0 0 0 0 0 0 24849 2 12 3 0 -31834.000000 
40.462200 700000 0 0 0 0 0 0 0 0 0 0 24568 0 15 0 0 -31860.000000 
40.495220 700000 0 0 0 0 0 0 0 0 0 0 24671 4 23 0 0 -31886.000000 
40.537128 700000 0 0 0 0 0 0 0 0 0 0 24316 0 14 3 0 -31919.000000 
40.571419 700000 2 1 0 0 0 0 0 0 0 0 24331 4 19 0 0 -31946.000000 
40.612061 700000 0 1 0 0 0 0 0 0 0 0 25125 2 19 0 0 -31978.000000 
40.646351 700000 0 0 0 0 0 0 0 0 0 0 24952 2 21 1 0 -32005.000000 
40.686989 700000 0 0 0 0 0 0 0 0 0 0 25058 2 11 5 0 -32037.000000 
40.721279 700000 0 0 0 1 0 0 0 0 0 0 25032 2 17 2 0 -32064.000000 
40.763191 700000 0 0 0 0 0 0 0 0 0 0 25195 0 12 1 0 -32097.000000 
40.796211 700000 0 0 0 0 0 0 0 0 0 0 25977 4 9 1 0 -32123.000000 
40.838120 700000 2 1 0 0 0 0 0 0 0 0 26158 0 14 0 0 -32156.000000 
40.871140 700000 0 0 1 1 0 0 0 0 0 1 25982 0 19 1 0 -32182.000000 
40.913052 700000 0 0 0 0 0 0 0 0 0 0 26041 0 11 2 0 -32215.000000 
40.946072 700000 0 0 0 0 0 0 0 0 0 0 25836 2 18 2 0 -32241.000000 
40.987980 700000 0 0 1 0 0 0 0 0 1 0 25998 0 16 3 0 -32274.000000 
41.021000 700000 0 0 0 0 0 0 0 0 0 0 25284 0 14 4 0 -32300.000000 
41.054020 700000 0 0 0 0 0 0 0 0 0 0 25044 0 17 1 0 -32326.000000 
41.095932 700000 2 0 0 0 0 0 0 0 0 0 24468 0 14 2 0 -32359.000000 
41.128952 700000 0 0 0 0 0 0 0 0 0 0 24417 0 15 2 0 -32385.000000 
41.170860 700000 0 0 0 0 0 0 0 0 0 0 23834 0 15 1 0 -32418.000000 
41.205151 700000 0 0 0 0 0 0 0 0 0 0 24065 0 19 0 0 -32445.000000 
41.245789 700000 0 0 0 0 0 0 0 0 0 0 23859 0 16 1 0 -32477.000000 
41.280079 700000 2 0 0 0 0 0 0 0 0 0 23903 2 27 2 0 -32504.000000 
41.321991 700000 0 0 1 0 0 0 0 0 0 1 24144 0 12 3 0 -32537.000000 
41.355011 700000 4 0 0 0 0 0 0 0 0 0 24944 0 13 2 0 -32563.000000 
41.396919 700000 0 0 0 0 0 0 0 0 0 0 24846 0 10 3 0 -32596.000000 
41.429939 700000 0 0 1 0 0 0 0 0 0 1 24650 0 21 0 0 -32622.000000 
41.471851 700000 0 0 0 0 1 0 0 0 0 0 23652 0 20 0 0 -32655.000000 
41.504871 700000 0 0 0 0 0 0 0 0 0 0 24060 2 19 0 0 -32681.000000 
41.546780 700000 2 0 1 0 0 0 0 0 1 0 23890 2 15 0 0 -32714.000000 
41.579800 700000 0 0 1 0 0 0 0 0 0 1 24325 2 23 2 0 -32740.000000 
41.612820 700000 2 0 1 0 0 0 0 0 1 0 23787 2 14 3 0 -32766.000000 
41.654732 700000 0 0 0 0 0 0 0 0 0 0 24587 0 18 1 0 -32799.000000 
41.687752 700000 0 0 0 0 0 0 0 0 0 0 24368 2 23 2 0 -32825.000000 
41.729660 700000 2 0 0 0 0 0 0 0 0 0 24338 0 9 0 0 -32858.000000 
41.763950 700000 0 0 0 0 0 0 0 0 0 0 25100 4 17 1 0 -32885.000000 
41.804592 700000 0 0 0 0 0 0 0 0 0 0 25653 2 20 3 0 -32917.000000 
41.838879 700000 0 0 1 0 0 0 0 0 0 1 25255 2 20 3 0 -32944.000000 
41.879520 700000 0 0 0 0 0 0 0 0 0 0 25012 2 19 0 0 -32976.000000 
41.913811 700000 0 0 0 0 0 0 0 0 0 0 25063 6 12 0 0 -33003.000000 
41.955719 700000 0 0 0 0 0 0 0 0 0 0 25213 0 25 2 0 -33036.000000 
41.988739 700000 0 0 0 0 0 0 0 0 0 0 25185 0 10 0 0 -33062.000000 
42.021759 700000 2 0 0 0 0 0 0 0 0 0 25628 2 17 0 0 -33088.000000 
42.063671 700000 0 0 0 0 0 0 0 0 0 0 25397 0 14 3 0 -33121.000000 
42.096691 700000 0 0 0 0 0 0 0 0 0 0 25471 0 22 3 0 -33147.000000 
42.138599 700000 0 0 0 0 0 0 0 0 0 0 25689 2 16 1 0 -33180.000000 
42.171619 700000 0 0 1 0 0 0 0 0 0 1 24448 0 15 1 0 -33206.000000 
42.213531 700000 0 0 0 0 0 0 0 0 0 0 23580 0 15 3 0 -33239.000000 
42.246552 700000 0 0 0 0 0 0 0 0 0 0 23747 2 16 1 0 -33265.000000 
42.288460 700000 2 0 0 0 0 0 0 0 0 0 23568 0 18 1 0 -33298.000000 
42.322750 700000 2 0 0 0 0 0 0 0 0 0 24212 0 18 3 0 -33325.000000 
42.363392 700000 0 0 0 0 0 0 0 0 0 0 24619 2 18 3 0 -33357.000000 
42.397678 700000 0 0 0 0 0 0 0 0 0 0 24991 2 17 8 0 -33384.000000 
42.438320 700000 2 0 0 0 0 0 0 0 0 0 24444 0 22 1 0 -33416.000000 
42.472610 700000 2 0 0 0 0 0 0 0 0 0 24237 0 12 1 0 -33443.000000 
42.514519 700000 0 0 0 0 0 0 0 0 0 0 25094 0 16 1 0 -33476.000000 
42.547539 700000 2 0 1 0 0 0 0 0 1 0 25789 2 11 1 0 -33502.000000 
42.580559 700000 0 1 0 0 0 0 0 0 0 0 26157 0 23 1 0 -33528.000000 
42.622471 700000 0 1 0 0 0 0 0 0 0 0 24803 0 14 2 0 -33561.000000 
42.655491 700000 0 0 0 0 0 0 0 0 0 0 25531 2 20 3 0 -33587.000000 
42.697399 700000 0 1 0 0 0 0 0 0 0 0 25559 2 17 0 0 -33620.000000 
42.730419 700000 0 0 0 0 0 0 0 0 0 0 25267 4 8 0 0 -33646.000000 
42.772331 700000 0 0 0 0 0 0 0 0 0 0 22864 2 7 1 0 -33679.000000 
42.805351 700000 0 0 0 0 0 0 0 0 0 0 23500 0 11 1 0 -33705.000000 
42.847260 700000 0 0 0 1 0 0 0 0 0 0 24248 4 15 0 0 -33738.000000 
42.881550 700000 0 0 0 0 0 0 0 0 0 0 25928 0 13 1 0 -33765.000000 
42.922192 700000 0 0 0 0 0 0 0 0 0 0 26116 2 24 1 0 -33797.000000 
42.956482 700000 0 0 0 0 0 0 0 0 0 0 26182 0 13 2 0 -33824.000000 
42.997120 700000 0 0 0 0 0 0 0 0 0 0 26309 0 21 1 0 -33856.000000 
43.031410 700000 0 0 1 1 0 0 0 0 1 0 26446 0 16 1 0 -33883.000000 
43.064430 700000 0 0 0 0 0 0 0 0 0 0 25712 4 16 0 0 -33909.000000 
43.106339 700000 0 0 0 0 0 0 0 0 0 0 24904 0 15 3 0 -33942.000000 
43.139359 700000 0 0 0 0 0 0 0 0 0 0 25250 0 19 1 0 -33968.000000 
43.181271 700000 0 0 0 0 0 0 0 0 0 0 25483 0 19 2 0 -34001.000000 
43.214291 700000 0 0 0 0 0 0 0 0 0 0 25908 2 17 2 0 -34027.000000 
43.256199 700000 0 0 0 0 0 0 0 0 0 0 26104 0 24 1 0 -34060.000000 
43.289219 700000 0 0 0 0 0 0 0 0 0 0 25836 2 20 2 0 -34086.000000 
43.331131 700000 0 0 0 0 0 0 0 0 0 0 25425 2 22 0 0 -34119.000000 
43.364151 700000 2 1 0 0 0 0 0 0 0 0 24844 4 13 4 0 -34145.000000 
43.406059 700000 0 0 0 0 0 0 0 0 0 0 24423 0 21 1 0 -34178.000000 
43.439079 700000 2 0 1 0 0 0 0 0 1 0 24765 0 21 1 0 -34204.000000 
43.480991 700000 0 0 0 0 0 0 0 0 0 0 25192 2 7 4 0 -34237.000000 
43.515282 700000 0 0 0 0 0 0 0 0 0 0 25041 0 18 0 0 -34264.000000 
43.555920 700000 0 0 0 0 0 0 0 0 0 0 24867 6 14 2 0 -34290.000000 
43.590210 700000 0 0 0 0 0 0 0 0 0 0 24686 0 19 3 0 -34323.000000 
43.623230 700000 0 0 0 0 0 0 0 0 0 0 24698 2 29 1 0 -34349.000000 
43.665142 700000 0 0 0 0 0 0 0 0 0 0 24071 0 12 1 0 -34382.000000 
43.698162 700000 4 0 0 0 0 0 0 0 0 0 25029 0 11 0 0 -34408.000000 
43.740070 700000 0 0 0 0 0 0 0 0 0 0 24603 4 27 2 0 -34441.000000 
43.773090 700000 0 0 0 0 0 0 0 0 0 0 24444 2 13 1 0 -34467.000000 
43.814999 700000 0 0 1 0 0 0 0 0 0 1 21724 2 17 1 0 -34500.000000 
43.848019 700000 0 0 0 0 0 0 0 0 0 0 22290 0 15 4 0 -34526.000000 
43.889931 700000 0 0 0 0 0 0 0 0 0 0 25083 2 17 1 0 -34559.000000 
43.922951 700000 0 0 1 0 0 0 0 0 1 0 25296 0 30 1 0 -34585.000000 
43.964859 700000 0 0 1 0 0 0 0 0 0 1 26881 0 16 1 0 -34618.000000 
43.997879 700000 0 0 0 0 0 0 0 0 0 0 26330 0 19 2 0 -34644.000000 
44.039791 700000 0 0 0 0 0 0 0 0 0 0 26517 0 13 4 0 -34677.000000 
44.074081 700000 0 0 0 0 0 0 0 0 0 0 25802 0 9 0 0 -34704.000000 
44.114719 700000 0 0 0 0 0 0 0 0 0 0 25400 2 19 2 0 -34736.000000 
44.149010 700000 0 0 0 0 0 0 0 0 0 0 25392 0 11 2 0 -34763.000000 
44.182030 700000 0 0 0 0 0 0 0 0 0 0 25168 0 13 2 0 -34789.000000 
44.223942 700000 2 0 0 0 0 0 0 0 0 0 24673 0 14 1 0 -34822.000000 
44.256962 700000 0 0 0 0 0 0 0 0 0 0 24924 4 15 0 0 -34848.000000 
44.298870 700000 0 0 0 0 0 0 0 0 0 0 24600 0 12 2 0 -34881.000000 
44.331890 700000 0 0 0 0 0 0 0 0 0 0 25039 0 21 0 0 -34907.000000 
44.373798 700000 0 0 0 0 0 0 0 0 0 0 24832 2 16 2 0 -34940.000000 
44.406818 700000 0 0 0 0 0 0 0 0 0 0 24678 0 18 1 0 -34966.000000 
44.448730 700000 2 0 0 0 0 0 0 0 0 0 24866 0 13 3 0 -34999.000000 
44.481750 700000 0 0 0 0 0 0 0 0 0 0 23855 0 15 4 0 -35025.000000 
44.523659 700000 0 0 0 0 0 0 0 0 0 0 24456 0 20 2 0 -35058.000000 
44.556679 700000 0 0 0 0 0 0 0 0 0 0 23447 0 16 3 0 -35084.000000 
44.598591 700000 0 0 0 0 0 0 0 0 0 0 23976 0 17 0 0 -35117.000000 
44.632881 700000 0 0 0 0 0 0 0 0 0 0 24729 0 21 0 0 -35144.000000 
44.665901 700000 0 0 0 0 0 0 0 0 0 0 25646 2 16 6 0 -35170.000000 
44.707809 700000 0 0 0 0 0 0 0 0 0 0 26107 2 16 1 0 -35203.000000 
44.740829 700000 0 0 0 0 0 0 0 0 0 0 25875 2 18 4 0 -35229.000000 
44.782742 700000 2 0 0 0 0 0 0 0 0 0 26066 2 26 2 0 -35262.000000 
44.815762 700000 0 0 0 0 0 0 0 0 0 0 25624 0 20 2 0 -35288.000000 
44.857670 700000 2 0 0 0 0 0 0 0 0 0 25558 0 15 3 0 -35321.000000 
44.890690 700000 2 0 0 0 0 0 0 0 0 0 24885 0 10 0 0 -35347.000000 
44.949112 700000 0 0 0 0 0 0 0 0 0 0 24352 0 22 4 0 -35393.000000 
44.982132 700000 0 0 0 0 0 0 0 0 0 0 24616 0 28 4 0 -35419.000000 
45.024040 700000 0 0 0 0 0 0 0 0 0 0 23675 0 22 2 0 -35452.000000 
45.057060 700000 0 0 0 0 0 0 0 0 0 0 22594 0 16 1 0 -35478.000000 
45.098969 700000 0 0 0 0 0 0 0 0 0 0 22970 2 14 2 0 -35511.000000 
45.133259 700000 0 0 0 0 0 0 0 0 0 0 23160 0 15 1 0 -35538.000000 
45.173901 700000 0 0 0 0 0 0 0 0 0 0 23823 2 14 2 0 -35570.000000 
45.208191 700000 0 0 0 0 0 0 0 0 0 0 24128 2 13 2 0 -35597.000000 
45.250099 700000 2 0 1 0 0 0 0 0 0 1 24452 2 19 3 0 -35630.000000 
45.283119 700000 4 0 0 0 0 0 0 0 0 0 24687 6 15 1 0 -35656.000000 
45.325031 700000 0 0 0 0 0 0 0 0 0 0 25053 0 21 1 0 -35689.000000 
45.358051 700000 0 0 0 0 0 0 0 0 0 0 24827 0 15 2 0 -35715.000000 
45.399960 700000 0 0 0 0 0 0 0 0 0 0 24611 2 13 3 0 -35748.000000 
45.432980 700000 2 0 0 0 0 0 0 0 0 0 24657 2 17 0 0 -35774.000000 
45.482510 700000 0 0 0 0 0 0 0 0 0 0 24690 0 21 2 0 -35813.000000 
45.524422 700000 0 0 1 0 0 0 0 0 1 0 24104 2 17 0 0 -35846.000000 
45.557442 700000 2 0 0 0 0 0 0 0 0 0 24653 0 20 1 0 -35872.000000 
45.599350 700000 0 1 0 0 0 0 0 0 0 0 24747 0 13 0 0 -35905.000000 
45.633640 700000 0 0 0 0 0 0 0 0 0 0 25125 0 13 1 0 -35932.000000 
45.674282 700000 0 0 0 0 0 0 0 0 0 0 25482 2 26 4 0 -35964.000000 
45.708569 700000 0 1 0 0 0 0 0 0 0 0 25621 0 12 2 0 -35991.000000 
45.750481 700000 0 0 0 0 0 0 0 0 0 0 24570 2 12 2 0 -36024.000000 
45.783501 700000 0 0 0 0 0 0 0 0 0 0 24739 2 18 2 0 -36050.000000 
45.825409 700000 0 0 0 0 0 0 0 0 0 0 23734 0 18 2 0 -36083.000000 
45.858429 700000 0 0 0 0 0 0 0 0 0 0 23903 2 20 0 0 -36109.000000 
45.891449 700000 0 0 0 0 0 0 0 0 0 0 23976 0 13 1 0 -36135.000000 
45.933361 700000 0 0 0 0 0 0 0 0 0 0 24418 0 14 3 0 -36168.000000 
45.966381 700000 0 0 0 0 0 0 0 0 0 0 24624 0 13 1 0 -36194.000000 
46.008289 700000 0 0 0 0 0 0 0 0 0 0 25305 0 20 0 0 -36227.000000 
46.041309 700000 0 0 0 0 0 0 0 0 0 0 24951 4 18 3 0 -36253.000000 
46.083221 700000 0 0 1 0 0 0 0 0 0 1 25125 0 15 1 0 -36286.000000 
46.116241 700000 0 0 1 0 0 0 0 0 0 1 25350 0 18 3 0 -36312.000000 
46.158150 700000 0 0 0 0 0 0 0 0 0 0 25016 0 15 2 0 -36345.000000 
46.191170 700000 0 0 0 0 0 0 0 0 0 0 24373 0 20 1 0 -36371.000000 
46.233082 700000 2 0 0 0 0 0 0 0 0 0 24495 0 16 1 0 -36404.000000 
46.267372 700000 0 0 0 0 0 0 0 0 0 0 24301 2 17 0 0 -36431.000000 
46.300392 700000 0 0 0 0 0 0 0 0 0 0 24664 4 19 1 0 -36457.000000 
46.342300 700000 0 1 0 0 0 0 0 0 0 0 24784 2 23 3 0 -36490.000000 
46.375320 700000 0 0 0 0 0 0 0 0 0 0 25240 2 22 0 0 -36516.000000 
46.417229 700000 0 0 0 0 0 0 0 0 0 0 25226 4 35 0 0 -36549.000000 
46.450249 700000 0 0 0 0 0 0 0 0 0 0 25122 0 16 3 0 -36575.000000 
46.492161 700000 0 0 0 0 0 0 0 0 0 0 25321 0 13 2 0 -36608.000000 
46.525181 700000 0 0 0 0 0 0 0 0 0 0 25630 2 14 1 0 -36634.000000 
46.567089 700000 2 0 0 0 0 0 0 0 0 0 25783 0 16 3 0 -36667.000000 
46.600109 700000 0 1 0 0 0 0 0 0 0 0 25415 0 21 0 0 -36693.000000 
46.642021 700000 0 0 0 0 0 0 0 0 0 0 25370 2 20 0 0 -36726.000000 
46.675041 700000 0 1 0 0 0 0 0 0 0 0 25605 4 7 1 0 -36752.000000 
46.716949 700000 6 0 0 0 0 0 0 0 0 0 25650 4 17 2 0 -36785.000000 
46.751240 700000 0 0 0 0 0 0 0 0 0 0 25455 0 17 1 0 -36812.000000 
46.784260 700000 0 0 0 0 0 0 0 0 0 0 25382 2 18 1 0 -36838.000000 
46.826172 700000 0 1 0 0 0 0 0 0 0 0 25051 2 22 1 0 -36871.000000 
46.866810 700000 0 0 0 0 0 0 0 0 0 0 25250 0 19 3 0 -36897.000000 
46.901100 700000 0 0 1 0 1 0 0 0 0 1 25111 0 18 0 0 -36930.000000 
46.941742 700000 0 0 0 0 0 0 0 0 0 0 25135 2 22 2 0 -36956.000000 
46.976028 700000 2 0 0 0 0 0 0 0 0 0 25055 0 20 1 0 -36989.000000 
47.009048 700000 0 0 1 0 0 0 0 0 1 0 25356 2 19 2 0 -37015.000000 
47.050961 700000 0 0 0 0 0 0 0 0 0 0 25024 0 17 1 0 -37048.000000 
47.083981 700000 0 0 0 0 0 0 0 0 0 0 25178 2 19 1 0 -37074.000000 
47.125889 700000 0 0 0 0 0 0 0 0 0 0 24684 0 12 1 0 -37107.000000 
47.158909 700000 0 0 0 0 0 0 0 0 0 0 24922 2 17 2 0 -37133.000000 
47.200821 700000 0 0 0 0 0 0 0 0 0 0 25146 2 22 3 0 -37166.000000 
47.233841 700000 2 0 0 0 0 0 0 0 0 0 25341 0 23 2 0 -37192.000000 
47.275749 700000 0 0 0 0 0 0 0 0 0 0 25113 4 16 1 0 -37225.000000 
47.308769 700000 0 0 0 0 0 0 0 0 0 0 25450 0 19 2 0 -37251.000000 
47.350681 700000 2 1 0 0 0 0 0 0 0 0 25614 2 18 4 0 -37284.000000 
47.384972 700000 0 0 0 0 0 0 0 0 0 0 25619 0 14 0 0 -37311.000000 
47.425610 700000 0 0 0 0 0 0 0 0 0 0 25098 0 16 3 0 -37343.000000 
47.459900 700000 0 0 0 0 0 0 0 0 0 0 25175 2 17 0 0 -37370.000000 
47.501812 700000 0 0 0 0 0 0 0 0 0 0 25118 0 23 2 0 -37403.000000 
47.534832 700000 0 0 0 0 0 0 0 0 0 0 25176 0 20 1 0 -37429.000000 
47.567852 700000 0 0 0 0 0 0 0 0 0 0 25062 0 21 0 0 -37455.000000 
47.609760 700000 0 0 0 0 0 0 0 0 0 0 25161 0 19 0 0 -37488.000000 
47.642780 700000 0 0 0 0 0 0 0 0 0 0 24969 0 17 1 0 -37514.000000 
47.684689 700000 0 0 0 0 0 0 0 0 0 0 25232 0 13 1 0 -37547.000000 
47.717709 700000 0 0 0 0 0 0 0 0 0 0 24616 2 11 1 0 -37573.000000 
47.759621 700000 0 0 0 0 0 0 0 0 0 0 24877 0 23 2 0 -37606.000000 
47.792641 700000 2 0 0 1 0 0 0 0 0 0 24900 0 6 2 0 -37632.000000 
47.834549 700000 0 0 0 0 0 0 0 0 0 0 25125 2 17 2 0 -37665.000000 
47.868839 700000 2 0 0 0 0 0 0 0 0 0 24832 0 12 2 0 -37692.000000 
47.909481 700000 0 2 0 0 0 0 0 0 0 0 25361 0 18 0 0 -37724.000000 
47.942501 700000 0 0 0 0 0 0 0 0 0 0 25495 4 12 0 0 -37750.000000 
47.984409 700000 0 0 2 0 0 0 0 0 1 1 25137 0 14 0 0 -37783.000000 
48.018700 700000 0 0 0 0 0 0 0 0 0 0 24786 2 25 3 0 -37810.000000 
48.059341 700000 0 0 0 0 0 0 0 0 0 0 24625 4 15 3 0 -37842.000000 
48.093632 700000 2 0 0 0 0 0 0 0 0 0 24363 0 11 1 0 -37869.000000 
48.126652 700000 0 0 0 0 0 0 0 0 0 0 25004 4 16 1 0 -37895.000000 
48.168560 700000 0 0 0 0 0 0 0 0 0 0 24576 0 18 1 0 -37928.000000 
48.201580 700000 0 0 0 0 0 0 0 0 0 0 24706 2 13 2 0 -37954.000000 
48.243492 700000 0 0 0 0 0 0 0 0 0 0 24928 0 13 4 0 -37987.000000 
48.276512 700000 0 0 1 0 0 0 0 0 0 1 24913 0 17 2 0 -38013.000000 
48.318420 700000 0 0 0 0 0 0 0 0 0 0 24753 0 20 1 0 -38046.000000 
48.351440 700000 4 0 0 0 0 0 0 0 0 0 24832 0 15 1 0 -38072.000000 
48.393349 700000 0 1 0 0 0 0 0 0 0 0 25042 0 17 0 0 -38105.000000 
48.426369 700000 0 0 0 0 0 0 0 0 0 0 25264 2 12 2 0 -38131.000000 
48.468281 700000 0 0 1 0 0 0 0 0 1 0 25691 2 15 2 0 -38164.000000 
48.502571 700000 0 0 0 0 0 0 0 0 0 0 25457 0 15 2 0 -38191.000000 
48.535591 700000 0 0 1 0 0 0 0 0 1 0 25508 0 22 3 0 -38217.000000 
48.577499 700000 0 0 0 0 0 0 0 0 0 0 25904 0 19 2 0 -38250.000000 
48.610519 700000 0 0 0 0 0 0 0 0 0 0 25764 0 15 2 0 -38276.000000 
48.652431 700000 0 0 0 0 0 0 0 0 0 0 24776 6 21 1 0 -38309.000000 
48.685452 700000 0 0 1 1 0 0 1 0 1 0 24909 0 17 1 0 -38335.000000 
48.727360 700000 0 0 0 0 0 0 0 0 0 0 24127 0 14 3 0 -38368.000000 
48.760380 700000 2 0 0 0 0 0 0 0 0 0 24117 0 18 0 0 -38394.000000 
48.802292 700000 2 0 0 0 0 0 0 0 0 0 24297 2 18 1 0 -38427.000000 
48.835312 700000 4 0 0 0 0 0 0 0 0 0 24001 0 13 2 0 -38453.000000 
48.877220 700000 0 0 1 0 0 0 0 0 0 1 24558 2 22 2 0 -38486.000000 
48.910240 700000 0 0 0 0 0 0 0 0 0 0 25850 0 19 2 0 -38512.000000 
48.952148 700000 0 0 0 0 0 0 0 0 0 0 25431 0 13 4 0 -38545.000000 
48.986439 700000 0 0 0 0 0 0 0 0 0 0 25206 2 19 2 0 -38572.000000 
49.019459 700000 0 0 0 0 0 0 0 0 0 0 25063 4 15 2 0 -38598.000000 
49.060101 700000 0 0 0 0 0 0 0 0 0 0 25305 0 11 3 0 -38630.000000 
49.094391 700000 2 0 0 0 0 0 0 0 0 0 25212 0 17 2 0 -38657.000000 
49.136299 700000 0 0 0 0 0 0 0 0 0 0 25705 0 24 1 0 -38690.000000 
49.169319 700000 0 0 0 0 0 0 0 0 0 0 25681 0 19 3 0 -38716.000000 
49.211231 700000 2 0 0 0 0 0 0 0 0 0 25763 0 12 0 0 -38749.000000 
49.244251 700000 0 0 0 0 0 0 0 0 0 0 26145 0 26 0 0 -38775.000000 
49.286160 700000 2 0 1 0 0 0 0 0 1 0 25831 0 16 6 0 -38808.000000 
49.319180 700000 2 0 0 0 0 0 0 0 0 0 25568 2 15 0 0 -38834.000000 
49.361092 700000 2 0 0 0 0 0 0 0 0 0 25517 0 21 0 0 -38867.000000 
49.394112 700000 2 0 1 0 0 0 0 0 0 1 25661 0 19 2 0 -38893.000000 
49.427132 700000 0 0 0 0 0 0 0 0 0 0 25904 4 17 1 0 -38919.000000 
49.469040 700000 0 0 0 0 0 0 0 0 0 0 25767 2 19 2 0 -38952.000000 
49.503330 700000 2 0 0 0 0 0 0 0 0 0 25511 0 19 4 0 -38979.000000 
49.543972 700000 0 0 0 0 0 0 0 0 0 0 25378 0 18 3 0 -39011.000000 
49.578259 700000 0 0 0 0 0 0 0 0 0 0 24912 2 15 2 0 -39038.000000 
49.620171 700000 0 0 0 0 0 0 0 0 0 0 24707 0 14 1 0 -39071.000000 
49.653191 700000 0 0 0 0 0 0 0 0 0 0 24816 0 18 1 0 -39097.000000 
49.693829 700000 0 0 0 0 0 0 0 0 0 0 24975 0 17 2 0 -39129.000000 
49.728119 700000 0 0 1 0 0 0 0 0 1 0 24573 0 17 3 0 -39156.000000 
49.770031 700000 0 0 0 0 0 0 0 0 0 0 24869 0 9 1 0 -39189.000000 
49.803051 700000 2 0 0 0 0 0 0 0 0 0 25155 0 10 3 0 -39215.000000 
49.844959 700000 0 0 0 0 0 0 0 0 0 0 25668 0 17 0 0 -39248.000000 
49.877979 700000 2 1 0 0 0 0 0 0 0 0 25556 0 18 0 0 -39274.000000 
49.919891 700000 0 0 0 0 0 0 0 0 0 0 25683 2 21 0 0 -39307.000000 
49.952911 700000 0 0 0 0 0 0 0 0 0 0 24937 0 14 1 0 -39333.000000 
49.987202 700000 0 0 0 0 0 0 0 0 0 0 25411 2 16 0 0 -39360.000000 
50.027840 700000 0 0 0 0 0 0 0 0 0 0 24817 2 18 1 0 -39392.000000 
50.060860 700000 0 0 0 0 0 0 0 0 0 0 24235 0 10 0 0 -39418.000000 
50.102772 700000 0 0 0 0 0 0 0 0 0 0 24686 0 21 3 0 -39451.000000 
50.137062 700000 0 0 0 0 0 0 0 0 0 0 24552 0 16 2 0 -39478.000000 
50.177700 700000 0 0 0 0 0 0 0 0 0 0 23461 2 15 0 0 -39510.000000 
50.211990 700000 0 0 0 0 0 0 0 0 0 0 25114 0 19 1 0 -39537.000000 
50.253899 700000 2 0 0 0 0 0 0 0 0 0 25414 0 13 2 0 -39570.000000 
50.286919 700000 2 0 0 0 0 0 0 0 0 0 25566 4 13 3 0 -39596.000000 
50.328831 700000 0 0 1 0 0 0 0 0 1 0 25809 0 12 3 0 -39629.000000 
50.361851 700000 0 0 0 0 0 0 0 0 0 0 25919 0 12 1 0 -39655.000000 
50.403759 700000 0 0 0 1 0 0 0 0 0 0 25863 0 19 2 0 -39688.000000 
50.436779 700000 0 0 1 0 0 0 0 0 1 0 26073 4 20 3 0 -39714.000000 
50.469799 700000 0 0 1 0 0 0 0 0 0 1 25795 2 21 3 0 -39740.000000 
50.511711 700000 0 0 0 0 0 0 0 0 0 0 25836 0 22 2 0 -39773.000000 
50.544731 700000 0 0 0 0 0 0 0 0 0 0 25818 0 22 2 0 -39799.000000 
50.586639 700000 0 0 0 0 0 0 0 0 0 0 25383 0 29 4 0 -39832.000000 
50.620930 700000 0 0 0 0 0 0 0 0 0 0 24900 0 17 2 0 -39859.000000 
50.661572 700000 0 0 0 0 0 0 0 0 0 0 24751 2 19 1 0 -39891.000000 
50.694592 700000 0 0 0 0 0 0 0 0 0 0 24848 4 10 2 0 -39917.000000 
50.737770 700000 2 0 0 0 0 0 0 0 0 0 24928 2 20 0 0 -39951.000000 
50.770790 700000 2 0 0 0 0 0 0 0 0 0 25362 2 17 4 0 -39977.000000 
50.811432 700000 2 0 1 0 0 0 0 0 1 0 25397 0 20 1 0 -40009.000000 
50.845722 700000 0 0 0 0 0 0 0 0 0 0 25431 0 18 0 0 -40036.000000 
50.887630 700000 0 0 0 0 0 0 0 0 0 0 25527 2 14 2 0 -40069.000000 
50.920650 700000 0 0 0 0 0 0 0 0 0 0 25072 0 18 3 0 -40095.000000 
50.953671 700000 0 0 0 0 0 0 0 0 0 0 24990 0 23 2 0 -40121.000000 
50.995579 700000 0 0 0 0 0 0 0 0 0 0 25436 0 16 5 0 -40154.000000 
51.028599 700000 0 0 0 0 0 0 0 0 0 0 25393 0 13 0 0 -40180.000000 
51.070511 700000 0 0 0 0 0 0 0 0 0 0 25283 0 16 4 0 -40213.000000 
51.103531 700000 0 0 0 0 0 0 0 0 0 0 25206 4 17 0 0 -40239.000000 
51.145439 700000 0 0 0 0 0 0 0 0 0 0 25036 0 11 2 0 -40272.000000 
51.178459 700000 0 0 0 0 0 0 0 0 0 0 24536 0 14 1 0 -40298.000000 
51.220371 700000 0 0 0 0 0 0 0 0 0 0 22716 0 14 4 0 -40331.000000 
51.254662 700000 0 0 0 0 0 0 0 0 0 0 22170 0 17 3 0 -40358.000000 
51.295300 700000 0 0 1 0 0 0 0 0 0 1 22502 4 18 2 0 -40390.000000 
51.329590 700000 0 0 0 0 0 0 0 0 0 0 23179 2 16 0 0 -40417.000000 
51.371502 700000 2 0 0 0 0 0 0 0 0 0 23636 2 14 0 0 -40450.000000 
51.404522 700000 2 0 1 0 0 0 0 0 1 0 23860 0 11 1 0 -40476.000000 
51.437542 700000 0 0 0 0 0 0 0 0 0 0 24428 4 17 2 0 -40502.000000 
51.479450 700000 0 0 0 0 0 0 0 0 0 0 24362 0 21 0 0 -40535.000000 
51.512470 700000 2 0 0 0 0 0 0 0 0 0 24118 0 20 1 0 -40561.000000 
51.554379 700000 2 1 0 0 0 0 0 0 0 0 23921 0 18 2 0 -40594.000000 
51.587399 700000 0 0 1 0 0 0 0 0 1 0 23937 0 21 1 0 -40620.000000 
51.629311 700000 0 0 0 0 0 0 0 0 0 0 23733 2 21 6 0 -40653.000000 
51.662331 700000 0 1 0 0 0 0 0 0 0 0 24667 0 14 1 0 -40679.000000 
51.704239 700000 0 0 0 0 0 0 0 0 0 0 24035 0 16 1 0 -40712.000000 
51.738529 700000 2 1 0 0 0 0 0 0 0 0 24708 2 16 4 0 -40739.000000 
51.779171 700000 0 0 0 0 0 0 0 0 0 0 24768 0 12 1 0 -40771.000000 
51.812191 700000 0 0 0 0 0 0 0 0 0 0 24997 2 22 0 0 -40797.000000 
51.855370 700000 2 0 0 0 0 0 0 0 0 0 24663 0 23 2 0 -40831.000000 
51.888390 700000 0 0 0 0 0 0 0 0 0 0 25486 0 24 0 0 -40857.000000 
51.921410 700000 0 0 0 0 0 0 0 0 0 0 25098 2 16 1 0 -40883.000000 
51.963322 700000 0 0 1 0 0 0 0 0 0 1 24469 4 21 1 0 -40916.000000 
51.996342 700000 2 0 0 0 0 0 0 0 0 0 24586 2 20 1 0 -40942.000000 
52.038250 700000 2 0 1 0 0 0 0 0 1 0 24318 0 19 4 0 -40975.000000 
52.071270 700000 0 0 0 0 0 0 0 0 0 0 24302 0 19 3 0 -41001.000000 
52.113182 700000 0 0 0 0 0 0 0 0 0 0 25097 0 16 1 0 -41034.000000 
52.146202 700000 0 0 1 0 0 0 0 0 1 0 24999 2 27 2 0 -41060.000000 
52.188110 700000 0 0 0 0 0 0 0 0 0 0 24901 2 8 5 0 -41093.000000 
52.221130 700000 0 0 1 0 0 0 0 0 1 0 25376 0 19 0 0 -41119.000000 
52.263039 700000 2 0 0 0 0 0 0 0 0 0 25531 0 20 1 0 -41152.000000 
52.296059 700000 0 0 0 0 0 0 0 0 0 0 25235 0 21 2 0 -41178.000000 
52.337971 700000 0 0 0 0 0 0 0 0 0 0 25084 0 10 1 0 -41211.000000 
52.372261 700000 0 0 0 0 0 0 0 0 0 0 25419 2 24 1 0 -41238.000000 
52.405281 700000 0 1 0 0 0 0 0 0 0 0 25279 6 16 3 0 -41264.000000 
52.445919 700000 2 0 0 0 0 0 0 0 0 0 25171 0 20 2 0 -41296.000000 
52.480209 700000 0 0 0 0 0 0 0 0 0 0 25130 2 20 3 0 -41323.000000 
52.522121 700000 0 0 0 0 0 0 0 0 0 0 25099 0 22 3 0 -41356.000000 
52.555141 700000 0 0 0 0 0 0 0 0 0 0 25445 0 19 0 0 -41382.000000 
52.597050 700000 0 0 0 0 0 0 0 0 0 0 25274 0 21 3 0 -41415.000000 
52.630070 700000 0 0 0 0 0 0 0 0 0 0 24987 0 12 1 0 -41441.000000 
52.671982 700000 0 0 0 0 0 0 0 0 0 0 25034 0 19 2 0 -41474.000000 
52.705002 700000 0 0 1 0 0 0 0 0 1 0 24970 0 19 3 0 -41500.000000 
52.746910 700000 2 0 0 0 0 0 0 0 0 0 24843 2 15 3 0 -41533.000000 
52.779930 700000 0 0 1 0 0 0 0 0 0 1 25304 2 19 4 0 -41559.000000 
52.821842 700000 0 0 0 0 0 0 0 0 0 0 24853 0 20 3 0 -41592.000000 
52.856129 700000 0 0 0 0 0 0 0 0 0 0 25101 0 17 1 0 -41619.000000 
52.889149 700000 0 0 1 0 0 0 0 0 1 0 25406 0 20 1 0 -41645.000000 
52.929790 700000 2 0 0 0 0 0 0 0 0 0 25323 2 24 2 0 -41677.000000 
52.964081 700000 0 0 0 0 0 0 0 0 0 0 24964 0 17 3 0 -41704.000000 
53.005989 700000 0 0 1 0 0 0 0 0 0 1 25190 0 27 1 0 -41737.000000 
53.039009 700000 0 0 0 0 0 0 0 0 0 0 25010 0 14 3 0 -41763.000000 
53.080921 700000 0 0 1 0 0 0 0 0 1 0 24633 0 18 2 0 -41796.000000 
53.113941 700000 0 0 0 0 0 0 0 0 0 0 25236 2 14 2 0 -41822.000000 
53.155849 700000 0 0 1 0 0 0 0 0 0 1 25453 0 20 2 0 -41855.000000 
53.188869 700000 0 0 0 0 0 0 0 0 0 0 25405 2 15 2 0 -41881.000000 
53.230782 700000 0 0 0 0 0 0 0 0 0 0 25289 0 12 2 0 -41914.000000 
53.263802 700000 0 0 0 0 0 0 0 0 0 0 25575 0 20 2 0 -41940.000000 
53.305710 700000 4 0 0 0 0 0 0 0 0 0 25085 4 13 1 0 -41973.000000 
53.338730 700000 0 0 0 0 0 0 0 0 0 0 25026 0 15 5 0 -41999.000000 
53.373020 700000 0 0 0 0 0 0 0 0 0 0 25004 0 21 0 0 -42026.000000 
53.413662 700000 0 0 0 0 0 0 0 0 0 0 25559 0 18 2 0 -42058.000000 
53.446682 700000 4 0 0 0 0 0 0 0 0 0 25197 0 20 3 0 -42084.000000 
53.489861 700000 0 0 0 0 0 0 0 0 0 0 25219 0 9 0 0 -42118.000000 
53.522881 700000 0 0 0 0 0 0 0 0 0 0 24739 0 25 0 0 -42144.000000 
53.563519 700000 2 0 0 0 0 0 0 0 0 0 25292 2 13 2 0 -42176.000000 
53.597809 700000 0 0 0 0 0 0 0 0 0 0 26238 0 24 3 0 -42203.000000 
53.639721 700000 0 0 0 0 0 0 0 0 0 0 26431 2 17 2 0 -42236.000000 
53.672741 700000 2 0 0 0 0 0 0 0 0 0 24638 0 18 0 0 -42262.000000 
53.714649 700000 0 0 0 1 0 0 0 0 0 0 24226 2 22 2 0 -42295.000000 
53.747669 700000 2 0 0 0 0 0 0 0 0 0 23790 2 16 4 0 -42321.000000 
53.789581 700000 2 0 0 0 0 0 0 0 0 0 24639 2 13 4 0 -42347.000000 
53.822601 700000 0 0 0 0 0 0 0 0 0 0 24694 0 20 1 0 -42380.000000 
53.856892 700000 0 1 0 0 0 0 0 0 0 0 25016 2 17 3 0 -42407.000000 
53.897530 700000 2 1 0 0 0 0 0 0 0 0 25099 0 13 0 0 -42439.000000 
53.930550 700000 0 0 1 0 0 0 0 0 1 0 25218 0 12 2 0 -42465.000000 
53.973732 700000 0 0 0 0 0 0 0 0 0 0 25204 0 15 0 0 -42499.000000 
54.006752 700000 0 0 0 0 0 0 0 0 0 0 25271 0 19 4 0 -42525.000000 
54.047390 700000 0 0 0 0 0 0 0 0 0 0 24428 0 20 2 0 -42557.000000 
54.081680 700000 0 0 0 0 0 0 0 0 0 0 24489 0 20 2 0 -42584.000000 
54.123589 700000 4 0 1 0 0 0 0 0 0 1 24547 0 17 5 0 -42617.000000 
54.156609 700000 0 0 0 0 0 0 0 0 0 0 24636 0 13 0 0 -42643.000000 
54.197250 700000 0 0 0 0 0 0 0 0 0 0 24709 2 18 4 0 -42675.000000 
54.264561 700000 0 3 0 0 1 0 0 0 0 0 25176 4 43 6 0 -42728.000000 
54.306469 700000 14 4 0 0 5 0 0 0 0 0 25539 0 67 0 0 -42761.000000 
54.339489 700000 10 8 0 0 16 0 0 0 0 0 25241 4 156 6 0 -42787.000000 
54.381401 700000 22 29 0 0 38 3 0 0 0 0 24690 6 363 8 0 -42820.000000 
54.414421 700000 28 46 0 0 59 2 0 0 0 0 24800 24 620 14 0 -42846.000000 
#54.456329 700000 240 222 0 0 411 10 0 0 0 0 25018 72 3387 86 0 -42879.000000 
54.490620 700000 170 139 0 0 247 6 0 0 0 0 25067 38 2065 54 0 -42906.000000 
54.531261 700000 168 170 0 0 265 5 0 0 0 0 25283 32 2292 68 0 -42938.000000 
54.564281 700000 261 239 0 0 387 15 0 0 0 0 25804 82 3397 91 0 -42964.000000 
54.598572 700000 460 446 0 0 721 15 0 1 0 0 25324 156 5849 157 0 -42991.000000 
54.640480 700000 552 617 0 0 878 18 0 1 0 0 25643 178 7744 226 0 -43024.000000 
54.673500 700000 532 528 0 0 876 23 0 0 0 0 25375 144 7390 192 0 -43050.000000 
54.715412 700000 490 503 0 0 849 18 0 0 0 0 25557 179 6963 173 0 -43083.000000 
54.748432 700000 424 471 0 0 707 14 0 0 0 0 25754 172 5918 169 0 -43109.000000 
54.790340 700000 189 269 0 0 385 9 0 0 0 0 25792 76 3356 88 0 -43142.000000 
54.823360 700000 142 131 0 0 197 4 0 0 0 0 25457 43 1939 47 0 -43168.000000 
54.865269 700000 96 86 0 0 141 2 0 0 0 0 26106 18 1283 36 0 -43201.000000 
54.898289 700000 32 37 1 0 46 3 0 0 1 0 26034 4 482 18 0 -43227.000000 
54.940201 700000 20 31 0 1 25 0 0 0 0 0 26013 8 343 9 0 -43260.000000 
54.974491 700000 0 3 2 0 4 0 0 0 0 2 25757 2 62 3 0 -43287.000000 
55.015129 700000 0 2 0 0 1 0 0 0 0 0 26103 0 24 3 0 -43319.000000 
55.048149 700000 0 0 0 0 0 0 0 0 0 0 25198 0 27 3 0 -43345.000000 
55.090061 700000 0 0 0 0 0 0 0 0 0 0 25277 2 21 0 0 -43378.000000 
55.124352 700000 2 1 0 0 0 0 0 0 0 0 25581 0 11 1 0 -43405.000000 
55.157372 700000 2 0 0 0 1 0 0 0 0 0 25293 2 14 1 0 -43431.000000 
55.198009 700000 0 0 0 0 0 0 0 0 0 0 25408 2 23 4 0 -43463.000000 
55.232300 700000 0 0 0 0 0 0 0 0 0 0 25516 0 25 1 0 -43490.000000 
55.274212 700000 0 0 0 0 0 0 0 0 0 0 25386 0 16 3 0 -43523.000000 
55.307232 700000 0 0 0 0 0 0 0 0 0 0 25398 0 21 1 0 -43549.000000 
55.349140 700000 0 0 0 0 0 0 0 0 0 0 25480 0 14 3 0 -43582.000000 
55.382160 700000 0 0 0 0 0 0 0 0 0 0 25015 0 12 0 0 -43608.000000 
55.424068 700000 2 0 0 0 0 0 0 0 0 0 24997 0 21 4 0 -43641.000000 
55.457088 700000 0 0 0 0 0 0 0 0 0 0 24663 0 18 1 0 -43667.000000 
55.499001 700000 0 0 0 0 0 0 0 0 0 0 24403 2 18 3 0 -43700.000000 
55.532021 700000 0 0 0 0 0 0 0 0 0 0 24615 0 17 3 0 -43726.000000 
55.573929 700000 0 0 0 0 0 0 0 0 0 0 24803 2 13 0 0 -43759.000000 
55.608219 700000 0 0 0 0 0 0 0 0 0 0 24675 0 18 1 0 -43786.000000 
55.641239 700000 0 0 0 0 0 0 0 0 0 0 24878 0 23 1 0 -43812.000000 
55.681881 700000 0 0 0 0 0 0 0 0 0 0 24708 2 12 0 0 -43844.000000 
55.716171 700000 0 0 0 0 0 0 0 0 0 0 24415 2 21 2 0 -43871.000000 
55.758080 700000 2 0 0 0 0 0 0 0 0 0 24433 0 16 1 0 -43904.000000 
55.791100 700000 0 0 0 0 0 0 0 0 0 0 24364 0 29 5 0 -43930.000000 
55.833012 700000 0 0 0 0 0 0 0 0 0 0 24664 0 7 1 0 -43963.000000 
55.866032 700000 0 0 0 2 0 0 0 0 0 0 23890 0 25 0 0 -43989.000000 
55.907940 700000 0 0 1 0 0 0 0 0 0 1 23373 0 15 4 0 -44022.000000 
55.940960 700000 2 1 0 0 0 0 0 0 0 0 23820 0 12 0 0 -44048.000000 
55.982872 700000 0 0 0 0 0 0 0 0 0 0 24010 0 17 2 0 -44081.000000 
56.015892 700000 0 0 1 0 0 0 0 0 0 1 24318 2 12 2 0 -44107.000000 
56.048912 700000 2 0 0 0 0 0 0 0 0 0 24530 0 15 2 0 -44133.000000 
56.090820 700000 0 0 0 0 0 0 0 0 0 0 24514 0 23 3 0 -44166.000000 
56.125111 700000 0 0 0 0 0 0 0 0 0 0 24330 0 16 2 0 -44193.000000 
56.165749 700000 0 0 0 0 0 0 0 0 0 0 24334 0 17 2 0 -44225.000000 
56.198769 700000 0 0 0 0 0 0 0 0 0 0 23628 2 20 0 0 -44251.000000 
56.241951 700000 0 0 0 0 0 0 0 0 0 0 23711 0 17 2 0 -44285.000000 
56.274971 700000 0 0 0 0 0 0 0 0 0 0 23241 0 16 1 0 -44311.000000 
56.315609 700000 0 0 0 0 0 0 0 0 0 0 23769 2 12 2 0 -44343.000000 
56.349899 700000 0 0 0 0 0 0 0 0 0 0 23669 0 14 3 0 -44370.000000 
56.391811 700000 0 0 0 0 0 0 0 0 0 0 24304 0 20 2 0 -44403.000000 
56.424831 700000 0 0 1 0 0 0 0 0 1 0 24510 0 18 3 0 -44429.000000 
56.457851 700000 0 0 0 0 0 0 0 0 0 0 24821 0 19 1 0 -44455.000000 
56.499760 700000 2 0 0 0 0 0 0 0 0 0 24988 0 19 2 0 -44488.000000 
56.532780 700000 2 0 0 0 0 0 0 0 0 0 25068 2 16 1 0 -44514.000000 
56.574692 700000 2 0 0 0 0 0 0 0 0 0 24591 2 12 2 0 -44547.000000 
56.608982 700000 0 0 0 0 0 0 0 0 0 0 23043 4 14 1 0 -44574.000000 
56.649620 700000 0 1 0 0 0 0 0 0 0 0 22689 0 18 2 0 -44606.000000 
56.682640 700000 2 0 0 0 0 0 0 0 0 0 22604 0 17 2 0 -44632.000000 
56.725819 700000 0 0 0 0 0 0 0 0 0 0 23388 0 17 1 0 -44666.000000 
56.758839 700000 0 0 1 0 0 0 0 0 0 1 24214 0 14 0 0 -44692.000000 
56.799480 700000 0 0 0 0 0 0 0 0 0 0 24396 0 13 2 0 -44724.000000 
56.833771 700000 0 0 0 0 0 0 0 0 0 0 24373 0 15 4 0 -44751.000000 
56.875679 700000 2 0 0 0 0 0 0 0 0 0 24357 2 17 0 0 -44784.000000 
56.908699 700000 0 0 0 0 0 0 0 0 0 0 24596 0 11 2 0 -44810.000000 
56.941719 700000 2 0 1 0 0 0 0 0 0 1 24662 2 23 2 0 -44836.000000 
56.983631 700000 2 0 0 0 0 0 0 0 0 0 24423 2 13 2 0 -44869.000000 
57.016651 700000 0 0 0 0 0 0 0 0 0 0 24311 0 21 0 0 -44895.000000 
57.058559 700000 0 1 0 0 0 0 0 0 0 0 24229 2 19 1 0 -44928.000000 
57.091579 700000 0 0 0 0 0 0 0 0 0 0 24221 4 13 1 0 -44954.000000 
57.133492 700000 0 2 0 0 0 0 0 0 0 0 24381 0 18 1 0 -44987.000000 
57.166512 700000 0 0 0 0 0 0 0 0 0 0 24353 0 19 5 0 -45013.000000 
57.208420 700000 0 0 0 0 0 0 0 0 0 0 24893 0 21 5 0 -45046.000000 
57.242710 700000 2 0 0 0 0 0 0 0 0 0 25002 0 14 1 0 -45073.000000 
57.283352 700000 4 0 0 0 0 0 0 0 0 0 24765 2 22 1 0 -45105.000000 
57.316372 700000 0 0 1 0 0 0 0 0 1 0 24332 2 18 2 0 -45131.000000 
57.359550 700000 0 0 0 0 0 0 0 0 0 0 24237 4 16 0 0 -45165.000000 
57.392570 700000 0 0 0 0 0 0 0 0 0 0 24334 0 21 1 0 -45191.000000 
57.425591 700000 0 0 0 0 0 0 0 0 0 0 24651 2 19 0 0 -45217.000000 
57.467499 700000 2 0 0 1 0 0 0 0 0 0 24840 4 16 0 0 -45250.000000 
57.500519 700000 0 0 0 0 0 0 0 0 0 0 24823 0 14 1 0 -45276.000000 
57.542431 700000 0 0 0 0 0 0 0 0 0 0 24679 2 21 2 0 -45309.000000 
57.575451 700000 0 0 0 0 0 0 0 0 0 0 24612 0 16 1 0 -45335.000000 
57.617359 700000 0 0 0 0 0 0 0 0 0 0 24449 4 19 0 0 -45368.000000 
57.650379 700000 0 0 1 0 0 0 0 0 1 0 24390 0 13 0 0 -45394.000000 
57.692291 700000 2 0 0 0 0 0 0 0 0 0 24412 0 13 2 0 -45427.000000 
57.726582 700000 0 0 0 0 0 0 0 0 0 0 24348 0 16 0 0 -45454.000000 
57.767220 700000 0 0 0 0 0 0 0 0 0 0 24658 0 21 0 0 -45486.000000 
57.800240 700000 2 0 0 0 0 0 0 0 0 0 24077 0 15 1 0 -45512.000000 
57.842152 700000 0 0 1 0 0 0 0 0 0 1 24120 2 23 2 0 -45545.000000 
57.876442 700000 0 0 0 0 0 0 0 0 0 0 24262 0 14 0 0 -45572.000000 
57.909462 700000 0 0 0 0 0 0 0 0 0 0 24565 0 15 5 0 -45598.000000 
57.950100 700000 0 0 0 0 0 0 0 0 0 0 24449 2 19 3 0 -45630.000000 
57.983120 700000 0 0 0 0 0 0 0 0 0 0 24915 0 21 2 0 -45656.000000 
57.999630 700000 0 0 0 0 0 0 0 0 0 0 24664 2 20 3 0 -45669.000000 
