1.14000
1.14810
1.15522
1.16076
1.16633
1.17190
1.17747
1.18304
1.18861
1.19418
1.19975
1.20535
1.21092
1.21649
1.22209
1.22766
1.23323
1.23880
1.24438
1.24998
1.25557
1.26117
1.26674
1.27231
1.27791
1.28351
1.28911
1.29471
1.30031
1.30591
1.31151
1.31711
1.32273
1.32836
1.33396
1.33956
1.34519
1.35079
1.35639
1.36496
1.37329
1.37884
1.38440
1.39003
1.39474
1.39913
1.40416
1.40869
1.41410
1.41956
1.42511
1.43092
1.43637
1.44210
1.44768
1.45405
1.46038
1.46562
1.47089
1.47691
1.48230
1.48749
1.49330
1.49863
1.50417
1.50961
1.51550
1.52086
1.52593
1.53056
1.53570
1.54178
1.54762
1.55374
1.55995
1.56693
1.57350
1.57950
1.58594
1.59249
1.59825
1.60366
1.60950
1.61562
1.62157
1.62595
1.63055
1.63605
1.64204
1.64868
1.65457
1.65986
1.66518
1.67064
1.67554
1.67997
1.68513
1.69171
1.69817
1.70371
1.70933
1.71516
1.72060
1.72578
1.73153
1.73790
1.74363
1.74961
1.75523
1.76008
1.76508
1.77059
1.77614
1.78194
1.78823
1.79408
1.79958
1.80497
1.81050
1.81739
1.82350
1.82815
1.83407
1.83989
1.84541
1.85175
1.85832
1.86437
1.86983
1.87515
1.88070
1.88611
1.89163
1.89767
1.90339
1.90888
1.91521
1.92059
1.92541
1.93061
1.93537
1.94100
1.94639
1.95208
1.95791
1.96392
1.97002
1.97522
1.98058
1.98540
1.99098
1.99783
2.00371
2.00908
2.01497
2.02012
2.02603
2.03219
2.03788
2.04369
2.04865
2.05481
2.06116
2.06629
2.07169
2.07763
2.08286
2.08864
2.09546
2.10109
2.10652
2.11237
2.11745
2.12243
2.12830
2.13459
2.14010
2.14649
2.15194
2.15658
2.16297
2.16799
2.17212
2.17835
2.18297
2.18679
2.19195
2.19758
2.20372
2.20902
2.21468
2.21964
2.22432
2.22959
2.23444
2.23968
2.24522
2.25044
2.25743
2.26537
2.27265
2.27906
2.28448
2.29125
2.29906
2.30454
2.31028
2.31700
2.32264
2.32836
2.33359
2.33849
2.34375
2.34941
2.35486
2.36093
2.36679
2.37147
2.37663
2.38201
2.38822
2.39390
2.39958
2.40572
2.41119
2.41758
2.42373
2.42916
2.43522
2.44105
2.44572
2.45015
2.45578
2.46251
2.46895
2.47557
2.48109
2.48588
2.49243
2.49801
2.50343
2.50968
2.51530
2.52138
2.52753
2.53306
2.53847
2.54401
2.54924
2.55535
2.56166
2.56707
2.57246
2.57761
2.58291
2.58867
2.59366
2.59934
2.60580
2.61138
2.61705
2.62254
2.62834
2.63450
2.64006
2.64515
2.65043
2.65529
2.66021
2.66600
2.67180
2.67935
2.68529
2.68990
2.69607
2.70145
2.70753
2.71332
2.71814
2.72439
2.73161
2.73855
2.74431
2.75063
2.75722
2.76254
2.76848
2.77440
2.78008
2.78585
2.79093
2.79678
2.80281
2.80781
2.81349
2.81965
2.82531
2.83134
2.83746
2.84378
2.84940
2.85504
2.86040
2.86587
2.87252
2.87790
2.88342
2.88924
2.89425
2.89968
2.90606
2.91211
2.91734
2.92318
2.92898
2.93422
2.94002
2.94574
2.95128
2.95731
2.96328
2.96885
2.97450
2.98010
2.98566
2.99128
2.99697
3.00115
3.00631
3.01289
3.01852
3.02376
3.02945
3.03539
3.04008
3.04559
3.05092
3.05688
3.06352
3.06961
3.07580
3.08040
3.08566
3.09192
3.09745
3.10334
3.10935
3.11534
3.12148
3.12712
3.13397
3.14022
3.14579
3.15160
3.15644
3.16191
3.16811
3.17503
3.18027
3.18464
3.19164
3.19891
3.20353
3.20994
3.21749
3.22208
3.22719
3.23327
3.23786
3.24316
3.24990
3.25615
3.26147
3.26618
3.27187
3.27837
3.28359
3.28912
3.29484
3.29886
3.30446
3.31136
3.31571
3.32060
3.32659
3.33190
3.33771
3.34504
3.35155
3.35625
3.36138
3.36758
3.37404
3.37959
3.38541
3.39027
3.39652
3.40366
3.40980
3.41513
3.42114
3.42725
3.43259
3.43851
3.44444
3.44939
3.45410
3.45980
3.46497
3.47071
3.47764
3.48403
3.49000
3.49587
3.50149
3.50667
3.51204
3.51799
3.52383
3.52905
3.53439
3.53941
3.54432
3.55060
3.55607
3.56103
3.56796
3.57371
3.57848
3.58446
3.58979
3.59531
3.60126
3.60657
3.61210
3.61872
3.62391
3.62839
3.63451
3.64090
3.64648
3.65127
3.65598
3.66200
3.66871
3.67320
3.67871
3.68470
3.69026
3.69650
3.70279
3.70847
3.71307
3.71788
3.72413
3.73059
3.73494
3.74109
3.74726
3.75374
3.75985
3.76511
3.77101
3.77609
3.78087
3.78624
3.79327
3.79953
3.80508
3.80961
3.81452
3.82030
3.82579
3.83146
3.83685
3.84281
3.84938
3.85536
3.86110
3.86631
3.87156
3.87693
3.88254
3.88852
3.89359
3.89903
3.90461
3.90948
3.91446
3.92047
3.92680
3.93191
3.93707
3.94315
3.94939
3.95510
3.96088
3.96682
3.97126
3.97690
3.98306
3.98882
3.99502
4.00061
4.00723
4.01337
4.01927
4.02616
4.03150
4.03649
4.04343
4.04931
4.05531
4.06148
4.06638
4.07228
4.07784
4.08254
4.08766
4.09413
4.10022
4.10509
4.11159
4.11814
4.12444
4.13024
4.13519
4.13999
4.14619
4.15463
4.16159
4.16584
4.17062
4.17537
4.18060
4.18699
4.19240
4.19854
4.20362
4.20938
4.21627
4.22229
4.22753
4.23146
4.23670
4.24299
4.24922
4.25594
4.26198
4.26726
4.27226
4.27806
4.28380
4.28986
4.29558
4.30126
4.30718
4.31315
4.31945
4.32478
4.33068
4.33650
4.34217
4.34800
4.35270
4.35861
4.36610
4.37130
4.37655
4.38221
4.38678
4.39217
4.39719
4.40338
4.40984
4.41412
4.41947
4.42467
4.43019
4.43737
4.44346
4.44925
4.45471
4.45888
4.46408
4.47036
4.47577
4.48136
4.48702
4.49189
4.49826
4.50420
4.50871
4.51410
4.52015
4.52741
4.53283
4.53726
4.54277
4.54900
4.55475
4.55995
4.56542
4.57040
4.57596
4.58200
4.58697
4.59249
4.59851
4.60433
4.60969
4.61483
4.62000
4.62478
4.63121
4.63719
4.64304
4.64925
4.65401
4.65971
4.66571
4.67202
4.67849
4.68321
4.68886
4.69502
4.70060
4.70636
4.71178
4.71696
4.72233
4.72783
4.73415
4.73990
4.74524
4.75118
4.75591
4.76093
4.76763
4.77526
4.78034
4.78516
4.79147
4.79674
4.80225
4.80795
4.81315
4.81821
4.82376
4.82992
4.83601
4.84253
4.84797
4.85196
4.85723
4.86398
4.86987
4.87472
4.88122
4.88626
4.89050
4.89671
4.90366
4.90977
4.91476
4.91983
4.92536
4.92988
4.93540
4.94181
4.94666
4.95229
4.95883
4.96462
4.97038
4.97610
4.98203
4.98713
4.99315
4.99822
5.00163
5.00728
5.01285
5.01848
5.02514
5.02954
5.03491
5.04323
5.04886
5.05318
5.05868
5.06470
5.06984
5.07531
5.08159
5.08756
5.09256
5.09710
5.10219
5.10772
5.11355
5.11868
5.12445
5.12961
5.13438
5.14087
5.14609
5.15152
5.15780
5.16283
5.16776
5.17374
5.17987
5.18494
5.18822
5.19317
5.19954
5.20503
5.21070
5.21686
5.22184
5.22691
5.23274
5.23782
5.24312
5.24719
5.25189
5.25836
5.26461
5.27014
5.27535
5.28101
5.28660
5.29144
5.29630
5.30143
5.30613
5.31173
5.31719
5.32082
5.32536
5.33090
5.33672
5.34220
5.34683
5.35178
5.35550
5.36110
5.36700
5.37152
5.37648
5.37931
5.38190
5.38723
5.39257
5.39762
5.40226
5.40530
5.40824
5.41444
5.42015
5.42283
5.42808
5.43269
5.43542
5.43942
5.44335
5.44600
