 1325.000  11  0.020   1.00   0.00   1.00 PI0  DSG  KU(14)P  JLAB PRL
 KUNKEL, PC 06-19-14, G12
  37.17 1.15936  0.10483  40.04 1.36229  0.10657  42.75 1.11529  0.08287
  45.32 1.05633  0.07671  47.79 0.86702  0.06252  50.16 0.74308  0.05354
  52.46 0.76723  0.05512  54.68 0.73871  0.05305  56.85 0.59860  0.04340
  58.96 0.58863  0.04302  61.03 0.52270  0.03920   0.00 0.00000  0.00000
 1375.000  13  0.020   1.00   0.00   1.00 PI0  DSG  KU(14)P  JLAB PRL
 KUNKEL, PC 06-19-14, G12
  37.17 1.37011  0.12817  40.04 1.42926  0.11684  42.75 1.16296  0.09017
  45.32 0.96559  0.07298  47.79 0.81916  0.06138  50.16 0.74218  0.05551
  52.46 0.52537  0.03971  54.68 0.51333  0.03875  56.85 0.47092  0.03578
  58.96 0.41454  0.03234  61.03 0.36559  0.02998  63.06 0.35146  0.02976
  65.05 0.38039  0.03310   0.00 0.00000  0.00000   0.00 0.00000  0.00000
 1425.000  13  0.020   1.00   0.00   1.00 PI0  DSG  KU(14)P  JLAB PRL
 KUNKEL, PC 06-19-14, G12
  37.17 1.65055  0.13623  40.04 1.74775  0.13217  42.75 1.38583  0.10170
  45.32 1.17101  0.08450  47.79 0.84709  0.06116  50.16 0.71413  0.05161
  52.46 0.58676  0.04252  54.68 0.47295  0.03446  56.85 0.41269  0.03031
  58.96 0.34332  0.02573  61.03 0.31620  0.02426  63.06 0.31541  0.02503
  65.05 0.26837  0.02239   0.00 0.00000  0.00000   0.00 0.00000  0.00000
 1475.000  13  0.020   1.00   0.00   1.00 PI0  DSG  KU(14)P  JLAB PRL
 KUNKEL, PC 06-19-14, G12
  37.17 1.88777  0.15780  40.04 1.61567  0.12218  42.75 1.28385  0.09465
  45.32 1.01308  0.07357  47.79 0.87320  0.06327  50.16 0.64226  0.04680
  52.46 0.53031  0.03867  54.68 0.40882  0.03007  56.85 0.33622  0.02503
  58.96 0.27384  0.02089  61.03 0.20654  0.01643  63.06 0.18788  0.01555
  65.05 0.21255  0.01813   0.00 0.00000  0.00000   0.00 0.00000  0.00000
 1525.000  14  0.020   1.00   0.00   1.00 PI0  DSG  KU(14)P  JLAB PRL
 KUNKEL, PC 06-19-14, G12
  37.17 1.73347  0.14320  40.07 1.68609  0.12832  42.75 1.35609  0.10052
  45.32 1.06554  0.07806  47.79 0.81736  0.05997  50.16 0.68250  0.05009
  52.46 0.55645  0.04097  54.68 0.40935  0.03042  56.85 0.28562  0.02177
  58.96 0.21952  0.01724  61.03 0.16379  0.01356  63.06 0.16201  0.01388
  65.05 0.15661  0.01401  67.01 0.19414  0.01736   0.00 0.00000  0.00000
 1575.000  14  0.020   1.00   0.00   1.00 PI0  DSG  KU(14)P  JLAB PRL
 KUNKEL, PC 06-19-14, G12
  37.17 1.60995  0.13951  40.04 1.31952  0.10530  42.75 1.16908  0.08976
  45.32 0.90405  0.06824  47.79 0.71242  0.05378  50.16 0.54858  0.04168
  52.46 0.43357  0.03301  54.68 0.30765  0.02384  56.85 0.22217  0.01775
  58.96 0.16502  0.01382  61.03 0.11528  0.01043  63.06 0.10425  0.00992
  65.05 0.09678  0.00996  67.01 0.13654  0.01374   0.00 0.00000  0.00000
 1625.000  14  0.020   1.00   0.00   1.00 PI0  DSG  KU(14)P  JLAB PRL
 KUNKEL, PC 06-19-14, G12
  37.17 1.62741  0.14000  40.04 1.45477  0.11501  42.75 1.02727  0.07870
  45.32 0.97473  0.07341  47.79 0.75077  0.05644  50.16 0.60086  0.04529
  52.46 0.48105  0.03638  54.68 0.34067  0.02616  56.85 0.22942  0.01821
  58.96 0.16390  0.01356  61.03 0.11342  0.01012  63.06 0.10681  0.00979
  65.05 0.10482  0.01011  67.01 0.10950  0.01092   0.00 0.00000  0.00000
 1675.000  14  0.020   1.00   0.00   1.00 PI0  DSG  KU(14)P  JLAB PRL
 KUNKEL, PC 06-19-14, G12
  37.17 1.58657  0.13938  40.04 1.31033  0.10788  42.75 0.99102  0.07856
  45.32 0.78402  0.06093  47.79 0.63741  0.04951  50.16 0.53390  0.04132
  52.46 0.40858  0.03176  54.68 0.29028  0.02303  56.85 0.22221  0.01810
  58.96 0.15443  0.01320  61.03 0.11657  0.01056  63.06 0.09491  0.00916
  65.05 0.09202  0.00947  67.01 0.00109  0.01122   0.00 0.00000  0.00000
 1725.000  15  0.020   1.00   0.00   1.00 PI0  DSG  KU(14)P  JLAB PRL
 KUNKEL, PC 06-19-14, G12
  37.17 1.01814  0.09483  40.04 1.06904  0.08898  42.75 0.74322  0.06018
  45.32 0.69721  0.05489  47.79 0.55864  0.04387  50.16 0.41894  0.03295
  52.46 0.31253  0.02475  54.68 0.23882  0.01927  56.85 0.17450  0.01446
  58.96 0.11683  0.01028  61.03 0.08091  0.00765  63.06 0.07669  0.00755
  65.05 0.06864  0.00712  67.01 0.08276  0.00872  68.94 0.09112  0.00991
 1775.000  15  0.020   1.00   0.00   1.00 PI0  DSG  KU(14)P  JLAB PRL
 KUNKEL, PC 06-19-14, G12
  37.17 1.24979  0.11120  40.04 1.12900  0.09202  42.75 0.90115  0.07101
  45.32 0.73823  0.05738  47.79 0.59156  0.04598  50.16 0.47424  0.03668
  52.46 0.37125  0.02890  54.68 0.26030  0.02059  56.85 0.19427  0.01570
  58.96 0.14121  0.01184  61.03 0.10374  0.00914  63.06 0.08571  0.00788
  65.05 0.09346  0.00875  67.01 0.09727  0.00936  68.94 0.11059  0.01097
 1825.000  15  0.020   1.00   0.00   1.00 PI0  DSG  KU(14)P  JLAB PRL
 KUNKEL, PC 06-19-14, G12
  37.17 1.08220  0.09562  40.04 0.94572  0.07790  42.75 0.81940  0.06476
  45.32 0.72832  0.05695  47.79 0.58053  0.04523  50.16 0.48134  0.03725
  52.46 0.34320  0.02682  54.68 0.26252  0.02079  56.85 0.20082  0.01623
  58.96 0.14348  0.01199  61.03 0.12004  0.01028  63.06 0.10506  0.00923
  65.05 0.10138  0.00909  67.01 0.10766  0.00994  68.94 0.10668  0.01037
 1875.000  16  0.020   1.00   0.00   1.00 PI0  DSG  KU(14)P  JLAB PRL
 KUNKEL, PC 06-19-14, G12
  37.17 1.22832  0.11562  40.04 1.10636  0.09426  42.75 0.84252  0.06882
  45.32 0.70450  0.05726  47.79 0.56959  0.04587  50.16 0.44107  0.03535
  52.46 0.34194  0.02751  54.68 0.30746  0.02490  56.85 0.21477  0.01786
  58.96 0.17976  0.01525  61.03 0.13713  0.01200  63.06 0.11838  0.01061
  65.05 0.11459  0.01053  67.01 0.11782  0.01106  68.94 0.13072  0.01275
  70.85 0.15207  0.01535   0.00 0.00000  0.00000   0.00 0.00000  0.00000
 1925.000  16  0.020   1.00   0.00   1.00 PI0  DSG  KU(14)P  JLAB PRL
 KUNKEL, PC 06-19-14, G12
  37.17 1.08479  0.09763  40.04 0.88565  0.07494  42.75 0.74350  0.06064
  45.32 0.64919  0.05208  47.79 0.52304  0.04204  50.16 0.41828  0.03327
  52.46 0.32551  0.02597  54.68 0.26657  0.02151  56.85 0.19828  0.01633
  58.96 0.15956  0.01336  61.03 0.13616  0.01152  63.06 0.12062  0.01041
  65.05 0.11905  0.01036  67.01 0.11006  0.00994  68.94 0.12794  0.01185
  70.85 0.11382  0.01109   0.00 0.00000  0.00000   0.00 0.00000  0.00000
 1975.000  16  0.020   1.00   0.00   1.00 PI0  DSG  KU(14)P  JLAB PRL
 KUNKEL, PC 06-19-14, G12
  37.17 1.05783  0.09858  40.04 1.04006  0.08897  42.75 0.95321  0.07806
  45.32 0.82533  0.06717  47.79 0.60046  0.04877  50.16 0.46824  0.03774
  52.46 0.39186  0.03155  54.68 0.32361  0.02628  56.85 0.23221  0.01932
  58.96 0.19452  0.01640  61.03 0.18326  0.01549  63.06 0.17912  0.01513
  65.05 0.14756  0.01290  67.01 0.16066  0.01406  68.94 0.15406  0.01414
  70.84 0.17302  0.01625   0.00 0.00000  0.00000   0.00 0.00000  0.00000
 2025.000  16  0.020   1.00   0.00   1.00 PI0  DSG  KU(14)P  JLAB PRL
 KUNKEL, PC 06-19-14, G12
  37.17 0.95090  0.08871  40.04 0.87423  0.07604  42.75 0.66612  0.05614
  45.32 0.59365  0.04896  47.79 0.45384  0.03726  50.16 0.38491  0.03128
  52.46 0.32865  0.02672  54.68 0.22036  0.01837  56.85 0.17293  0.01466
  58.96 0.15662  0.01333  61.03 0.15003  0.01281  63.06 0.13452  0.01145
  65.05 0.13822  0.01186  67.01 0.12319  0.01095  68.94 0.14133  0.01261
  70.85 0.12633  0.01197   0.00 0.00000  0.00000   0.00 0.00000  0.00000
 2075.000  17  0.020   1.00   0.00   1.00 PI0  DSG  KU(14)P  JLAB PRL
 KUNKEL, PC 06-19-14, G12
  37.17 0.82481  0.07840  40.04 0.66488  0.05976  42.75 0.59006  0.05041
  45.32 0.49111  0.04179  47.79 0.40548  0.03380  50.16 0.34524  0.02848
  52.46 0.29390  0.02415  54.68 0.21958  0.01834  56.85 0.18272  0.01536
  58.96 0.15489  0.01317  61.03 0.14817  0.01253  63.06 0.14778  0.01249
  65.05 0.13531  0.01160  67.01 0.13820  0.01199  68.94 0.13607  0.01207
  70.85 0.12844  0.01188  72.73 0.12819  0.01246   0.00 0.00000  0.00000
 2125.000  17  0.020   1.00   0.00   1.00 PI0  DSG  KU(14)P  JLAB PRL
 KUNKEL, PC 06-19-14, G12
  37.17 0.98875  0.09685  40.04 0.75834  0.06850  42.75 0.69136  0.06010
  45.32 0.59944  0.05153  47.79 0.49267  0.04158  50.16 0.40818  0.03427
  52.46 0.33554  0.02808  54.68 0.25623  0.02183  56.85 0.24958  0.02107
  58.96 0.19836  0.01696  61.03 0.19051  0.01628  63.06 0.17506  0.01502
  65.05 0.18384  0.01570  67.01 0.17442  0.01514  68.94 0.15705  0.01408
  70.84 0.14792  0.01391  72.73 0.13154  0.01328   0.00 0.00000  0.00000
 2175.000  17  0.020   1.00   0.00   1.00 PI0  DSG  KU(14)P  JLAB PRL
 KUNKEL, PC 06-19-14, G12
  37.17 0.77172  0.07715  40.04 0.59290  0.05447  42.75 0.47914  0.04257
  45.32 0.40905  0.03586  47.79 0.36432  0.03106  50.16 0.31312  0.02642
  52.46 0.25793  0.02186  54.68 0.19033  0.01638  56.85 0.16499  0.01429
  58.96 0.18547  0.01566  61.03 0.16521  0.01402  63.06 0.16587  0.01396
  65.05 0.14778  0.01255  67.01 0.14077  0.01212  68.94 0.12481  0.01114
  70.85 0.10761  0.01017  72.73 0.12433  0.01203   0.00 0.00000  0.00000
 2225.000  18  0.020   1.00   0.00   1.00 PI0  DSG  KU(14)P  JLAB PRL
 KUNKEL, PC 06-19-14, G12
  37.17 0.62997  0.06370  40.04 0.59452  0.05454  42.75 0.43364  0.03913
  45.32 0.35145  0.03127  47.79 0.31648  0.02749  50.16 0.28559  0.02429
  52.46 0.23659  0.02018  54.68 0.17934  0.01556  56.85 0.16937  0.01462
  58.96 0.16760  0.01433  61.03 0.16964  0.01430  63.06 0.17245  0.01448
  65.05 0.14534  0.01235  67.01 0.15309  0.01302  68.94 0.13325  0.01166
  70.85 0.11385  0.01038  72.73 0.11629  0.01114  74.60 0.10953  0.01118
 2275.000  18  0.020   1.00   0.00   1.00 PI0  DSG  KU(14)P  JLAB PRL
 KUNKEL, PC 06-19-14, G12
  37.17 0.66810  0.07066  40.04 0.57459  0.05572  42.75 0.45822  0.04316
  45.32 0.36657  0.03425  47.79 0.33333  0.02995  50.16 0.29366  0.02592
  52.46 0.22661  0.02021  54.68 0.21223  0.01878  56.85 0.18767  0.01662
  58.96 0.20217  0.01752  61.03 0.18699  0.01615  63.06 0.19419  0.01662
  65.05 0.18311  0.01570  67.01 0.17057  0.01489  68.94 0.13808  0.01250
  70.84 0.12577  0.01186  72.73 0.12303  0.01214  74.60 0.12540  0.01294
 2325.000  19  0.020   1.00   0.00   1.00 PI0  DSG  KU(14)P  JLAB PRL
 KUNKEL, PC 06-19-14, G12
  34.09 0.58784  0.07667  37.17 0.53135  0.05893  40.04 0.51781  0.05057
  42.75 0.36174  0.03506  45.32 0.33175  0.03072  47.79 0.28304  0.02539
  50.16 0.23364  0.02105  52.46 0.20738  0.01852  54.68 0.18923  0.01677
  56.85 0.19446  0.01695  58.96 0.18870  0.01630  61.03 0.20080  0.01708
  63.06 0.20091  0.01701  65.05 0.18280  0.01556  67.01 0.15666  0.01361
  68.94 0.13701  0.01213  70.84 0.12547  0.01145  72.73 0.11195  0.01074
  74.60 0.09921  0.01051   0.00 0.00000  0.00000   0.00 0.00000  0.00000
 2375.000  19  0.020   1.00   0.00   1.00 PI0  DSG  KU(14)P  JLAB PRL
 KUNKEL, PC 06-19-14, G12
  34.09 0.54816  0.07313  37.17 0.50827  0.05460  40.04 0.42151  0.04309
  42.75 0.36990  0.03622  45.32 0.30688  0.02952  47.79 0.28800  0.02630
  50.16 0.23913  0.02177  52.46 0.20340  0.01851  54.68 0.20804  0.01852
  56.85 0.18936  0.01671  58.96 0.20090  0.01746  61.03 0.21859  0.01866
  63.06 0.19935  0.01707  65.05 0.19172  0.01644  67.01 0.17061  0.01479
  68.94 0.14446  0.01282  70.84 0.11963  0.01107  72.73 0.12327  0.01175
  74.60 0.10146  0.01059   0.00 0.00000  0.00000   0.00 0.00000  0.00000
 2425.000  19  0.020   1.00   0.00   1.00 PI0  DSG  KU(14)P  JLAB PRL
 KUNKEL, PC 06-19-14, G12
  34.09 0.52134  0.06967  37.17 0.57662  0.06355  40.04 0.40189  0.04226
  42.75 0.26977  0.02768  45.32 0.29135  0.02862  47.79 0.26113  0.02427
  50.16 0.23950  0.02188  52.46 0.19333  0.01781  54.68 0.20385  0.01840
  56.85 0.18102  0.01620  58.96 0.20576  0.01798  61.03 0.21344  0.01834
  63.06 0.21131  0.01811  65.05 0.19826  0.01700  67.01 0.16537  0.01448
  68.94 0.13540  0.01213  70.84 0.13092  0.01195  72.73 0.12159  0.01153
  74.60 0.11440  0.01137   0.00 0.00000  0.00000   0.00 0.00000  0.00000
 2475.000  20  0.020   1.00   0.00   1.00 PI0  DSG  KU(14)P  JLAB PRL
 KUNKEL, PC 06-19-14, G12
  76.44 0.07847  0.00922  74.60 0.09234  0.00962  72.73 0.11387  0.01098
  70.85 0.12673  0.01171  68.94 0.13703  0.01241  67.01 0.15498  0.01379
  65.05 0.18068  0.01584  63.06 0.19549  0.01698  61.03 0.18902  0.01662
  58.96 0.20707  0.01830  56.85 0.17407  0.01591  54.68 0.16660  0.01555
  52.46 0.16533  0.01588  50.16 0.20000  0.01914  47.79 0.21100  0.02092
  45.32 0.23201  0.02371  42.75 0.26149  0.02783  40.04 0.31113  0.03449
  37.17 0.40108  0.04875  34.09 0.31834  0.05445   0.00 0.00000  0.00000
 2525.000  20  0.020   1.00   0.00   1.00 PI0  DSG  KU(14)P  JLAB PRL
 KUNKEL, PC 06-19-14, G12
  34.09 0.53185  0.07178  37.17 0.36856  0.04347  40.04 0.27536  0.03114
  42.75 0.26755  0.02791  45.32 0.20333  0.02127  47.79 0.23605  0.02261
  50.16 0.21246  0.01995  52.46 0.19154  0.01787  54.68 0.15966  0.01488
  56.85 0.18926  0.01693  58.96 0.20313  0.01787  61.03 0.21882  0.01891
  63.06 0.20334  0.01763  65.05 0.19430  0.01688  67.01 0.17379  0.01513
  68.94 0.13867  0.01246  70.85 0.13174  0.01193  72.73 0.11098  0.01053
  74.60 0.09985  0.00994  76.44 0.07984  0.00887   0.00 0.00000  0.00000
 2575.000  20  0.020   1.00   0.00   1.00 PI0  DSG  KU(14)P  JLAB PRL
 KUNKEL, PC 06-19-14, G12
  34.09 0.38062  0.06621  37.17 0.35302  0.04601  40.04 0.25497  0.03230
  42.75 0.17027  0.02216  45.32 0.20167  0.02320  47.79 0.19012  0.02034
  50.16 0.19612  0.02024  52.46 0.18524  0.01844  54.68 0.16666  0.01650
  56.85 0.20573  0.01938  58.96 0.20977  0.01942  61.03 0.21743  0.01963
  63.06 0.20323  0.01845  65.05 0.20219  0.01819  67.01 0.16702  0.01535
  68.94 0.13607  0.01292  70.84 0.11743  0.01149  72.73 0.11375  0.01134
  74.60 0.10532  0.01115  76.44 0.07991  0.00975   0.00 0.00000  0.00000
 2625.000  20  0.020   1.00   0.00   1.00 PI0  DSG  KU(14)P  JLAB PRL
 KUNKEL, PC 06-19-14, G12
  34.09 0.33133  0.05791  37.17 0.29869  0.04315  40.04 0.17150  0.02454
  42.75 0.19615  0.02429  45.32 0.20624  0.02344  47.79 0.20347  0.02144
  50.16 0.16587  0.01761  52.46 0.17383  0.01753  54.68 0.17326  0.01699
  56.85 0.19289  0.01833  58.96 0.21338  0.01967  61.03 0.22833  0.02069
  63.06 0.19710  0.01794  65.05 0.19046  0.01735  67.01 0.15961  0.01480
  68.94 0.12740  0.01220  70.84 0.11302  0.01106  72.73 0.09707  0.00991
  74.60 0.08015  0.00882  76.44 0.07191  0.00868   0.00 0.00000  0.00000
 2675.000  20  0.020   1.00   0.00   1.00 PI0  DSG  KU(14)P  JLAB PRL
 KUNKEL, PC 06-19-14, G12
  37.17 0.31494  0.04197  40.04 0.15300  0.02196  42.75 0.16573  0.02123
  45.32 0.17722  0.02078  47.79 0.16775  0.01816  50.16 0.15632  0.01660
  52.46 0.14133  0.01454  54.68 0.16541  0.01618  56.85 0.20670  0.01925
  58.96 0.21003  0.01929  61.03 0.19763  0.01805  63.06 0.19592  0.01778
  65.05 0.18731  0.01704  67.01 0.13756  0.01289  68.94 0.13401  0.01262
  70.84 0.11400  0.01097  72.73 0.10113  0.01004  74.60 0.08291  0.00885
  76.44 0.06652  0.00791  78.28 0.03889  0.00605   0.00 0.00000  0.00000
 2725.000  21  0.020   1.00   0.00   1.00 PI0  DSG  KU(14)P  JLAB PRL
 KUNKEL, PC 06-19-14, G12
  34.09 0.32939  0.05811  37.17 0.25402  0.03578  40.04 0.17084  0.02326
  42.75 0.18464  0.02305  45.32 0.18057  0.02077  47.79 0.14809  0.01666
  50.16 0.16683  0.01733  52.46 0.15621  0.01580  54.68 0.17942  0.01748
  56.85 0.21567  0.02000  58.96 0.19968  0.01841  61.03 0.22650  0.02042
  63.06 0.21176  0.01908  65.05 0.17800  0.01630  67.01 0.16505  0.01516
  68.94 0.13479  0.01260  70.84 0.12093  0.01153  72.73 0.11220  0.01090
  74.60 0.08040  0.00852  76.44 0.06052  0.00728  78.28 0.05071  0.00691
 2775.000  21  0.020   1.00   0.00   1.00 PI0  DSG  KU(14)P  JLAB PRL
 KUNKEL, PC 06-19-14, G12
  34.09 0.39344  0.03145  37.17 0.27390  0.02189  40.04 0.14770  0.01181
  42.75 0.18915  0.01512  45.32 0.19104  0.01527  47.79 0.17913  0.01432
  50.16 0.16845  0.01347  52.46 0.14797  0.01183  54.68 0.16592  0.01326
  56.85 0.22071  0.01764  58.96 0.21514  0.01720  61.03 0.23510  0.01879
  63.06 0.21736  0.01737  65.05 0.17858  0.01427  67.01 0.16522  0.01321
  68.94 0.14691  0.01174  70.84 0.12448  0.00995  72.73 0.11548  0.00923
  74.60 0.08878  0.00710  76.44 0.06861  0.00548  78.28 0.04546  0.00363
 2825.000  21  0.020   1.00   0.00   1.00 PI0  DSG  KU(14)P  JLAB PRL
 KUNKEL, PC 06-19-14, G12
  34.09 0.32644  0.02625  37.17 0.23417  0.01883  40.04 0.14269  0.01147
  42.75 0.14162  0.01139  45.32 0.14291  0.01149  47.79 0.15121  0.01216
  50.16 0.13517  0.01087  52.46 0.13418  0.01079  54.68 0.15118  0.01216
  56.85 0.18124  0.01457  58.96 0.19072  0.01534  61.03 0.18794  0.01511
  63.06 0.20166  0.01622  65.05 0.17123  0.01377  67.01 0.13292  0.01069
  68.94 0.12503  0.01005  70.84 0.10606  0.00853  72.73 0.08408  0.00676
  74.60 0.06048  0.00486  76.44 0.04556  0.00366  78.28 0.03776  0.00304
 2875.000  21  0.020   1.00   0.00   1.00 PI0  DSG  KU(14)P  JLAB PRL
 KUNKEL, PC 06-19-14, G12
  34.09 0.25935  0.02098  37.17 0.27534  0.02227  40.04 0.12666  0.01025
  42.75 0.15459  0.01251  45.32 0.15256  0.01234  47.79 0.17059  0.01380
  50.16 0.11884  0.00961  52.46 0.13578  0.01098  54.68 0.14085  0.01139
  56.85 0.17994  0.01456  58.96 0.18283  0.01479  61.03 0.18263  0.01477
  63.06 0.17173  0.01389  65.05 0.15098  0.01221  67.01 0.11361  0.00919
  68.94 0.12153  0.00983  70.85 0.10974  0.00888  72.73 0.08266  0.00669
  74.60 0.05595  0.00453  76.44 0.04953  0.00401  78.28 0.02919  0.00236
 2925.000  21  0.020   1.00   0.00   1.00 PI0  DSG  KU(14)P  JLAB PRL
 KUNKEL, PC 06-19-14, G12
  34.09 0.25526  0.02077  37.17 0.28082  0.02285  40.04 0.16678  0.01357
  42.75 0.12769  0.01039  45.32 0.15572  0.01267  47.79 0.13397  0.01090
  50.16 0.10484  0.00853  52.46 0.11972  0.00974  54.68 0.14337  0.01167
  56.85 0.16487  0.01342  58.96 0.18142  0.01476  61.03 0.17582  0.01431
  63.06 0.16624  0.01353  65.05 0.14153  0.01152  67.01 0.11895  0.00968
  68.94 0.09522  0.00775  70.85 0.09633  0.00784  72.73 0.07044  0.00573
  74.60 0.05016  0.00408  76.44 0.03956  0.00322  78.28 0.02953  0.00240
 2975.000  22  0.020   1.00   0.00   1.00 PI0  DSG  KU(14)P  JLAB PRL
 KUNKEL, PC 06-19-14, G12
  34.09 0.17189  0.01407  37.17 0.20786  0.01702  40.04 0.16347  0.01338
  42.75 0.14447  0.01183  45.32 0.16064  0.01315  47.79 0.15671  0.01283
  50.16 0.13067  0.01070  52.46 0.13365  0.01094  54.68 0.17711  0.01450
  56.85 0.20191  0.01653  58.96 0.20228  0.01656  61.03 0.20090  0.01645
  63.06 0.17298  0.01416  65.05 0.14052  0.01150  67.01 0.12261  0.01004
  68.94 0.11662  0.00955  70.84 0.09326  0.00764  72.73 0.07205  0.00590
  74.60 0.05300  0.00434  76.44 0.04002  0.00328  78.28 0.02838  0.00232
  80.10 0.01893  0.00155   0.00 0.00000  0.00000   0.00 0.00000  0.00000
 3175.000  21  0.020   1.00   0.00   1.00 PI0  DSG  KU(14)P  JLAB PRL
 KUNKEL, PC 06-19-14, G12
  34.09 0.08239  0.00691  37.17 0.13714  0.01150  40.04 0.16825  0.01411
  42.75 0.13570  0.01138  45.32 0.15404  0.01292  47.79 0.09660  0.00810
  50.16 0.11024  0.00924  52.46 0.14909  0.01250  54.68 0.16219  0.01360
  56.85 0.16478  0.01382  58.96 0.17679  0.01482  61.03 0.13428  0.01126
  63.06 0.12043  0.01010  65.05 0.10010  0.00839  67.01 0.09962  0.00835
  68.94 0.08243  0.00691  70.85 0.06602  0.00554  72.73 0.05007  0.00420
  74.60 0.03311  0.00278  76.44 0.02192  0.00184  78.28 0.01751  0.00147
 3225.000  22  0.020   1.00   0.00   1.00 PI0  DSG  KU(14)P  JLAB PRL
 KUNKEL, PC 06-19-14, G12
  34.09 0.12517  0.01056  37.17 0.09840  0.00830  40.04 0.15251  0.01286
  42.76 0.15671  0.01322  45.32 0.14756  0.01245  47.79 0.10897  0.00919
  50.16 0.10006  0.00844  52.46 0.10579  0.00892  54.68 0.14443  0.01218
  56.85 0.14894  0.01256  58.96 0.13985  0.01180  61.03 0.11406  0.00962
  63.06 0.10375  0.00875  65.05 0.07037  0.00594  67.01 0.07771  0.00656
  68.94 0.06458  0.00545  70.84 0.03822  0.00322  72.73 0.03253  0.00274
  74.60 0.02379  0.00201  76.44 0.01605  0.00135  78.28 0.00929  0.00078
  80.10 0.01198  0.00101   0.00 0.00000  0.00000   0.00 0.00000  0.00000
 3275.000  21  0.020   1.00   0.00   1.00 PI0  DSG  KU(14)P  JLAB PRL
 KUNKEL, PC 06-19-14, G12
  34.09 0.08154  0.00692  37.17 0.10387  0.00881  40.04 0.14054  0.01193
  42.75 0.11143  0.00946  45.32 0.12110  0.01028  47.79 0.11065  0.00939
  50.16 0.09074  0.00770  52.46 0.11654  0.00989  54.68 0.15608  0.01324
  56.85 0.12836  0.01089  58.96 0.11580  0.00983  61.03 0.10637  0.00903
  63.06 0.08910  0.00756  65.05 0.07945  0.00674  67.01 0.06593  0.00559
  68.94 0.05422  0.00460  70.84 0.03998  0.00339  72.73 0.02385  0.00202
  74.60 0.01721  0.00146  76.44 0.01187  0.00101  78.28 0.01088  0.00092
 3325.000  21  0.020   1.00   0.00   1.00 PI0  DSG  KU(14)P  JLAB PRL
 KUNKEL, PC 06-19-14, G12
  34.09 0.17882  0.01526  37.17 0.14878  0.01270  40.04 0.15814  0.01350
  42.75 0.14769  0.01261  45.32 0.15521  0.01325  47.79 0.09776  0.00835
  50.16 0.09510  0.00812  52.46 0.14053  0.01200  54.68 0.15510  0.01324
  56.85 0.14679  0.01253  58.96 0.13906  0.01187  61.03 0.11731  0.01001
  63.06 0.09037  0.00771  65.05 0.07489  0.00639  67.01 0.06163  0.00526
  68.94 0.04932  0.00421  70.85 0.04271  0.00365  72.73 0.03033  0.00259
  74.60 0.02165  0.00185  76.44 0.01266  0.00108  78.28 0.00956  0.00082
 3375.000  22  0.020   1.00   0.00   1.00 PI0  DSG  KU(14)P  JLAB PRL
 KUNKEL, PC 06-19-14, G12
  34.09 0.08952  0.00769  37.17 0.12904  0.01108  40.04 0.15713  0.01349
  42.75 0.15791  0.01356  45.32 0.14524  0.01247  47.79 0.10028  0.00861
  50.16 0.11198  0.00962  52.46 0.14281  0.01226  54.68 0.13821  0.01187
  56.85 0.13574  0.01166  58.96 0.10624  0.00912  61.03 0.10424  0.00895
  63.06 0.07438  0.00639  65.05 0.06375  0.00548  67.01 0.05903  0.00507
  68.94 0.04673  0.0040   70.85 0.02558  0.00220  72.73 0.02185  0.00188
  74.60 0.01435  0.00123  76.44 0.00930  0.00080  78.28 0.00709  0.00061
  80.10 0.00467  0.00040   0.00 0.00000  0.00000  0.00 0.00000  0.00000
 3425.000  22  0.020   1.00   0.00   1.00 PI0  DSG  KU(14)P  JLAB PRL
 KUNKEL, PC 06-19-14, G12
  34.09 0.07386  0.00638  37.17 0.09962  0.00861  40.04 0.10482  0.00906
  42.75 0.14404  0.01244  45.32 0.11017  0.00952  47.79 0.09711  0.00839
  50.16 0.09172  0.00792  52.46 0.12721  0.01099  54.68 0.11816  0.01021
  56.85 0.11419  0.00986  58.96 0.10561  0.00912  61.03 0.08111  0.00701
  63.06 0.05681  0.00491  65.05 0.04464  0.00386  67.01 0.03583  0.00310
  68.94 0.03470  0.00300  70.84 0.02000  0.00173  72.73 0.01968  0.00170
  74.60 0.01320  0.00114  76.44 0.00339  0.00029  78.28 0.00288  0.00025
  80.10 0.00393  0.00034   0.00 0.00000  0.00000   0.00 0.00000  0.00000
 3475.000  21  0.020   1.00   0.00   1.00 PI0  DSG  KU(14)P  JLAB PRL
 KUNKEL, PC 06-19-14, G12
  34.09 0.14088  0.01224  37.17 0.11710  0.01018  40.04 0.13520  0.01175
  42.75 0.16024  0.01392  45.32 0.14401  0.01251  47.79 0.11047  0.00960
  50.16 0.11363  0.00987  52.46 0.13472  0.01171  54.68 0.13730  0.01193
  56.85 0.11082  0.00963  58.96 0.09639  0.00838  61.03 0.09439  0.00820
  63.06 0.05968  0.00518  65.05 0.04382  0.00381  67.01 0.04802  0.00417
  68.94 0.03507  0.00305  70.84 0.03077  0.00267  72.73 0.01691  0.00147
  74.60 0.01085  0.00094  76.44 0.00579  0.00050  78.28 0.00519  0.00045
 3575.000  21  0.020   1.00   0.00   1.00 PI0  DSG  KU(14)P  JLAB PRL
 KUNKEL, PC 06-19-14, G12
  40.04 0.11628  0.01022  42.75 0.09173  0.00807  45.32 0.07404  0.00651
  47.79 0.06798  0.00598  50.16 0.06514  0.00573  52.46 0.07736  0.00680
  54.68 0.07696  0.00677  56.85 0.07350  0.00646  58.96 0.05580  0.00491
  61.03 0.03888  0.00342  63.06 0.03240  0.00299  65.05 0.02095  0.00184
  67.01 0.02343  0.00206  68.94 0.01314  0.00116  70.84 0.01331  0.00117
  72.73 0.00921  0.00081  74.60 0.00450  0.00040  76.44 0.00406  0.00036
  78.28 0.00127  0.00011  80.10 0.00064  0.00006  81.92 0.00019  0.00002
 3625.000  36  0.020   1.00   0.00   1.00 PI0  DSG  KU(14)P  JLAB PRL
 KUNKEL, PC 06-19-14, G12
  30.75 0.20117  0.01779  34.09 0.17548  0.01552  37.17 0.13295  0.01176
  40.04 0.16209  0.01434  42.75 0.15535  0.01374  45.32 0.11108  0.00983
  47.79 0.09455  0.00836  50.16 0.13405  0.01186  52.46 0.15254  0.01349
  54.68 0.12431  0.01100  56.85 0.11338  0.01003  58.96 0.09236  0.00817
  61.03 0.06206  0.00549  63.06 0.04128  0.00365  65.05 0.04193  0.00371
  67.01 0.02930  0.00259  68.94 0.02299  0.00203  70.84 0.01586  0.00140
  72.73 0.01316  0.00116  74.60 0.00814  0.00072  76.44 0.00371  0.00033
  78.28 0.00370  0.00033  80.10 0.00444  0.00039  81.92 0.00160  0.00014
  83.72 0.00158  0.00014  85.52 0.00218  0.00019  87.31 0.00357  0.00032
  89.11 0.00272  0.00024  91.79 0.00355  0.00031  96.28 0.00381  0.00034
 101.72 0.00411  0.00036 107.27 0.00432  0.00038 112.99 0.00460  0.00041
 118.97 0.00893  0.00079 125.32 0.00928  0.00082 132.21 0.01196  0.00106
 3675.000  37  0.020   1.00   0.00   1.00 PI0  DSG  KU(14)P  JLAB PRL
 KUNKEL, PC 06-19-14, G12
  27.05 0.78444  0.06979  30.75 0.33999  0.03025  34.09 0.13857  0.01233
  37.17 0.14449  0.01286  40.04 0.15660  0.01393  42.75 0.16120  0.01434
  45.32 0.11745  0.01045  47.79 0.10629  0.00946  50.16 0.15025  0.01337
  52.46 0.12449  0.01108  54.68 0.13718  0.01221  56.85 0.11718  0.01043
  58.96 0.09564  0.00851  61.03 0.06081  0.00541  63.06 0.04812  0.00428
  65.05 0.04328  0.00385  67.01 0.02910  0.00259  68.94 0.01789  0.00159
  70.84 0.01320  0.00118  72.73 0.00874  0.00078  74.60 0.00704  0.00063
  76.44 0.00541  0.00048  78.28 0.00458  0.00041  80.10 0.00188  0.00017
  81.92 0.00233  0.00021  83.72 0.00094  0.00008  85.52 0.00334  0.00030
  87.31 0.00185  0.00017  89.10 0.00207  0.00018  91.79 0.00438  0.00039
  96.28 0.00521  0.00046 101.72 0.00436  0.00039 107.27 0.00436  0.00039
 112.99 0.00427  0.00038 118.97 0.00646  0.00058 125.32 0.01099  0.00099
 132.21 0.01432  0.00127   0.00 0.00000  0.00000   0.00 0.00000  0.00000
 3725.000  37  0.020   1.00   0.00   1.00 PI0  DSG  KU(14)P  JLAB PRL
 KUNKEL, PC 06-19-14, G12
  30.75 0.30637  0.02742  34.09 0.10769  0.00964  37.17 0.13029  0.01166
  40.04 0.11947  0.01069  42.75 0.13879  0.01242  45.32 0.10340  0.00925
  47.79 0.09637  0.00862  50.16 0.13125  0.01175  52.46 0.10482  0.00938
  54.68 0.11004  0.00985  56.85 0.08351  0.00747  58.96 0.06099  0.00546
  61.03 0.04603  0.00412  63.06 0.03171  0.00284  65.05 0.02890  0.00259
  67.01 0.02233  0.00200  68.94 0.01580  0.00141  70.84 0.01392  0.00125
  72.73 0.00517  0.00046  74.60 0.00453  0.00041  76.44 0.00233  0.00021
  78.28 0.00164  0.00015  80.10 0.00060  0.00005  81.92 0.00190  0.00017
  83.72 0.00227  0.00020  85.52 0.00096  0.00009  87.31 0.00305  0.00027
  89.11 0.00117  0.00011  91.79 0.00401  0.00036  96.28 0.00440  0.00039
 101.72 0.00335  0.00030 107.27 0.00341  0.00031 112.99 0.00313  0.00028
 118.97 0.00516  0.00046 125.32 0.00822  0.00074 132.21 0.01442  0.00129
 139.96 0.00939  0.00084   0.00 0.00000  0.00000   0.00 0.00000  0.00000
 3775.000  36  0.020   1.00   0.00   1.00 PI0  DSG  KU(14)P  JLAB PRL
 KUNKEL, PC 06-19-14, G12
  30.75 0.56958  0.05128  34.09 0.14974  0.01348  37.17 0.10713  0.00964
  40.04 0.18654  0.01679  42.75 0.16606  0.01495  45.32 0.11881  0.01070
  47.79 0.11330  0.01020  50.16 0.14881  0.01340  52.46 0.15898  0.01431
  54.68 0.14982  0.01349  56.85 0.11510  0.01036  58.96 0.09109  0.00820
  61.03 0.04643  0.00418  63.06 0.04539  0.00409  65.05 0.03347  0.00301
  67.01 0.01931  0.00174  68.94 0.01836  0.00165  70.84 0.00832  0.00075
  72.73 0.00825  0.00074  74.60 0.00533  0.00048  76.44 0.00449  0.00040
  78.28 0.00353  0.00032  80.10 0.00129  0.00012  81.92 0.00223  0.00020
  83.72 0.00278  0.00025  85.52 0.00371  0.00033  87.31 0.00467  0.00042
  89.10 0.00470  0.00042  91.79 0.00506  0.00046  96.28 0.00416  0.00037
 101.72 0.00273  0.00025 107.27 0.00227  0.00021 112.99 0.00343  0.00031
 118.97 0.00473  0.00043 125.32 0.01447  0.00130 132.21 0.01822  0.00164
 3825.000  36  0.020   1.00   0.00   1.00 PI0  DSG  KU(14)P  JLAB PRL
 KUNKEL, PC 06-19-14, G12
  30.75 0.15182  0.01375  34.09 0.09798  0.00887  37.17 0.10752  0.00974
  40.04 0.13314  0.01206  42.75 0.14055  0.01273  45.32 0.11669  0.01057
  47.79 0.12018  0.01088  50.16 0.12149  0.01100  52.46 0.14939  0.01353
  54.68 0.11341  0.01027  56.85 0.09388  0.00850  58.96 0.06286  0.00569
  61.03 0.04125  0.00374  63.06 0.03979  0.00360  65.05 0.02692  0.00244
  67.01 0.01922  0.00174  68.94 0.00875  0.00079  70.84 0.00772  0.00070
  72.73 0.00508  0.00046  74.60 0.00316  0.00029  76.44 0.00159  0.00014
  78.28 0.00083  0.00008  80.10 0.00172  0.00016  81.92 0.00169  0.00015
  83.72 0.00166  0.00015  85.52 0.00162  0.00015  87.31 0.00332  0.00030
  89.10 0.00137  0.00012  91.79 0.00200  0.00018  96.28 0.00383  0.00035
 101.72 0.00333  0.00030 107.27 0.00276  0.00025 112.99 0.00394  0.00036
 118.97 0.00446  0.00040 125.32 0.00967  0.00088 132.21 0.01420  0.00129
 3875.000  36  0.020   1.00   0.00   1.00 PI0  DSG  KU(14)P  JLAB PRL
 KUNKEL, PC 06-19-14, G12
  30.75 0.15579  0.01419  34.09 0.10524  0.00959  37.17 0.08214  0.00748
  40.04 0.16710  0.01522  42.75 0.10765  0.00981  45.32 0.10973  0.00999
  47.79 0.11880  0.01082  50.16 0.12522  0.01141  52.46 0.13815  0.01258
  54.68 0.10112  0.00921  56.85 0.08391  0.00764  58.96 0.06625  0.00603
  61.03 0.03721  0.00339  63.06 0.03794  0.00346  65.05 0.02209  0.00201
  67.01 0.01930  0.00176  68.94 0.00808  0.00074  70.84 0.00787  0.00072
  72.73 0.00468  0.00043  74.60 0.00227  0.00021  76.44 0.00117  0.00011
  78.28 0.00128  0.00012  80.10 0.00096  0.00009  81.92 0.00178  0.00016
  83.72 0.00168  0.00015  85.52 0.00308  0.00028  87.31 0.00286  0.00026
  89.10 0.00315  0.00029  91.79 0.00133  0.00012  96.28 0.00299  0.00027
 101.72 0.00301  0.00027 107.27 0.00196  0.00018 112.99 0.00296  0.00027
 118.97 0.00584  0.00053 125.32 0.00896  0.00082 132.21 0.00841  0.00077
 3925.000  36  0.020   1.00   0.00   1.00 PI0  DSG  KU(14)P  JLAB PRL
 KUNKEL, PC 06-19-14, G12
  34.09 0.10316  0.00945  37.17 0.12289  0.01126  40.04 0.14101  0.01292
  42.75 0.12013  0.01101  45.32 0.10954  0.01004  47.79 0.10250  0.00939
  50.16 0.13043  0.01195  52.46 0.11874  0.01088  54.68 0.09834  0.00901
  56.85 0.07925  0.00726  58.96 0.04647  0.00426  61.03 0.03254  0.00298
  63.06 0.03282  0.00301  65.05 0.01788  0.00164  67.01 0.01626  0.00149
  68.94 0.00765  0.00070  70.85 0.00527  0.00048  72.73 0.00193  0.00018
  74.60 0.00222  0.00020  76.44 0.00190  0.00017  78.28 0.00120  0.00011
  80.10 0.00069  0.00006  81.92 0.00083  0.00008  83.72 0.00114  0.00011
  85.52 0.00145  0.00013  87.31 0.00388  0.00036  89.11 0.00150  0.00014
  91.79 0.00185  0.00017  96.28 0.00388  0.00036 101.72 0.00263  0.00024
 107.27 0.00226  0.00021 112.99 0.00199  0.00018 118.97 0.00594  0.00054
 125.32 0.00931  0.00085 132.21 0.01201  0.00110 139.96 0.00900  0.00083
 3975.000  37  0.020   1.00   0.00   1.00 PI0  DSG  KU(14)P  JLAB PRL
 KUNKEL, PC 06-19-14, G12
  30.75 0.17900  0.01649  34.09 0.05941  0.00547  37.17 0.12088  0.01114
  40.04 0.12186  0.01123  42.75 0.10544  0.00972  45.32 0.09643  0.00889
  47.79 0.10471  0.00965  50.16 0.11623  0.01071  52.46 0.10844  0.00999
  54.68 0.10259  0.00945  56.85 0.07642  0.00704  58.96 0.03463  0.00319
  61.03 0.03414  0.00315  63.06 0.02449  0.00226  65.05 0.02191  0.00202
  67.01 0.01036  0.00095  68.94 0.00776  0.00072  70.85 0.00454  0.00042
  72.73 0.00343  0.00032  74.60 0.00037  0.00034  76.44 0.00123  0.00011
  78.28 0.00137  0.00013  80.10 0.00111  0.00010  81.92 0.00088  0.00008
  83.72 0.00156  0.00014  85.52 0.00196  0.00018  87.31 0.00254  0.00023
  89.11 0.00080  0.00007  91.79 0.00299  0.00028  96.28 0.00277  0.00026
 101.72 0.00187  0.00017 107.27 0.00076  0.00007 112.99 0.00167  0.00015
 118.97 0.00623  0.00057 125.32 0.00762  0.00070 132.21 0.01260  0.00116
 139.96 0.00921  0.00085   0.00 0.00000  0.00000   0.00 0.00000  0.00000
 4025.000  35  0.020   1.00   0.00   1.00 PI0  DSG  KU(14)P  JLAB PRL
 KUNKEL, PC 06-19-14, G12
  37.17 0.17955  0.01664  40.04 0.18580  0.01722  42.75 0.10672  0.00989 
  45.32 0.12923  0.01198  47.79 0.10711  0.00993  50.16 0.11940  0.01107
  52.46 0.11361  0.01053  54.68 0.10904  0.01011  56.85 0.06903  0.00640
  58.96 0.04429  0.00411  61.03 0.02707  0.00251  63.06 0.02596  0.00241
  65.05 0.01866  0.00173  67.01 0.00848  0.00079  68.94 0.00537  0.00050
  70.84 0.00306  0.00028  72.73 0.00258  0.00024  74.60 0.00087  0.00008
  76.44 0.00113  0.00011  78.28 0.00111  0.00010  80.10 0.00234  0.00022
  81.92 0.00153  0.00014  83.72 0.00243  0.00023  85.52 0.00099  0.00009
  87.31 0.00107  0.00010  89.10 0.00321  0.00030  91.79 0.00252  0.00023
  96.28 0.00318  0.00030 101.72 0.00272  0.00025 107.27 0.00123  0.00011
 112.99 0.00296  0.00027 118.97 0.00546  0.00051 125.32 0.00882  0.00082
 132.21 0.00483  0.00045 139.96 0.00797  0.00074   0.00 0.00000  0.00000
 4075.000  35  0.020   1.00   0.00   1.00 PI0  DSG  KU(14)P  JLAB PRL
 KUNKEL, PC 06-19-14, G12
  34.09 0.11256  0.01049  37.17 0.11356  0.01059  40.04 0.12810  0.01194
  42.75 0.12374  0.01154  45.32 0.08960  0.00835  47.79 0.10617  0.00990
  50.16 0.11998  0.01119  52.46 0.11071  0.01032  54.68 0.09671  0.00902
  56.85 0.06517  0.00608  58.96 0.04444  0.00414  61.03 0.03074  0.00287
  63.06 0.02019  0.00188  65.05 0.01156  0.00108  67.01 0.00803  0.00075
  68.94 0.00626  0.00058  70.84 0.00193  0.00018  72.73 0.00176  0.00016
  74.60 0.00031  0.00003  76.44 0.00110  0.00010  78.28 0.00051  0.00005
  80.10 0.00097  0.00009  81.92 0.00298  0.00028  83.72 0.00101  0.00009
  85.52 0.00197  0.00018  87.31 0.00168  0.00016  89.10 0.00240  0.00022
  91.79 0.00268  0.00025  96.28 0.00176  0.00016 101.72 0.00232  0.00022
 107.27 0.00179  0.00017 112.99 0.00229  0.00021 118.97 0.00382  0.00036
 125.32 0.00629  0.00059 132.21 0.02991  0.00279   0.00 0.00000  0.00000
 4125.000  36  0.020   1.00   0.00   1.00 PI0  DSG  KU(14)P  JLAB PRL
 KUNKEL, PC 06-19-14, G12
  34.09 0.10852  0.01018  37.17 0.13500  0.01266  40.04 0.10676  0.01001
  42.75 0.10727  0.01006  45.32 0.11732  0.01100  47.79 0.12234  0.01147
  50.16 0.14444  0.01354  52.46 0.09653  0.00905  54.68 0.07961  0.00746
  56.85 0.04990  0.00468  58.96 0.03483  0.00327  61.03 0.02455  0.00230
  63.06 0.02465  0.00231  65.05 0.01331  0.00125  67.01 0.00707  0.00066
  68.94 0.00535  0.00050  70.84 0.00388  0.00036  72.73 0.00099  0.00009
  74.60 0.00071  0.00007  76.44 0.00195  0.00018  78.28 0.00118  0.00011
  80.10 0.00034  0.00003  81.92 0.00168  0.00016  83.72 0.00195  0.00018
  85.52 0.00227  0.00021  87.31 0.00309  0.00029  89.10 0.00256  0.00024
  91.79 0.00208  0.00020  96.28 0.00193  0.00018 101.72 0.00232  0.00022
 107.27 0.00168  0.00016 112.99 0.00203  0.00019 118.97 0.00558  0.00052
 125.32 0.00686  0.00064 132.21 0.00530  0.00050 139.96 0.00997  0.00094
 4175.000  35  0.020   1.00   0.00   1.00 PI0  DSG  KU(14)P  JLAB PRL
 KUNKEL, PC 06-19-14, G12
  34.09 0.15984  0.01507  37.17 0.08028  0.00757  40.04 0.10531  0.00993
  42.75 0.14346  0.01353  45.32 0.08508  0.00802  47.79 0.11280  0.01064
  50.16 0.11580  0.01092  52.46 0.08309  0.00784  54.68 0.08466  0.00798
  56.85 0.04304  0.00406  58.96 0.03000  0.00283  61.03 0.01916  0.00181
  63.05 0.01562  0.00147  65.05 0.01136  0.00107  67.01 0.00425  0.00040
  68.94 0.00410  0.00039  70.84 0.00088  0.00008  72.73 0.00098  0.00009
  74.60 0.00051  0.00005  76.44 0.00111  0.00011  78.28 0.00134  0.00013
  80.10 0.00149  0.00014  81.92 0.00029  0.00003  83.72 0.00128  0.00012
  85.52 0.00162  0.00015  87.31 0.00144  0.00014  89.10 0.00115  0.00011
  91.79 0.00173  0.00016  96.28 0.00235  0.00022 101.72 0.00143  0.00014
 107.27 0.00115  0.00011 112.99 0.00318  0.00030 118.97 0.00199  0.00019
 125.32 0.00626  0.00059 132.21 0.01102  0.00104   0.00 0.00000  0.00000
 4225.000  36  0.020   1.00   0.00   1.00 PI0  DSG  KU(14)P  JLAB PRL
 KUNKEL, PC 06-19-14, G12
  30.75 0.41367  0.03923  34.09 0.18625  0.01767  37.17 0.12109  0.01149
  40.04 0.13632  0.01293  42.75 0.10074  0.00955  45.32 0.11375  0.01079
  47.79 0.12114  0.01149  50.16 0.11858  0.01125  52.46 0.09797  0.00929
  54.68 0.06819  0.00647  56.85 0.03838  0.00364  58.96 0.02450  0.00232
  61.03 0.01808  0.00172  63.06 0.01728  0.00164  65.05 0.00532  0.00051
  67.01 0.01098  0.00104  68.94 0.00294  0.00028  72.73 0.00069  0.00007
  74.60 0.00042  0.00004  76.44 0.00032  0.00003  78.28 0.00064  0.00006
  80.10 0.00110  0.00010  81.92 0.00184  0.00017  83.72 0.00135  0.00013
  85.52 0.00206  0.00020  87.31 0.00086  0.00008  89.10 0.00142  0.00014
  91.79 0.00272  0.00026  96.28 0.00088  0.00008 101.72 0.00089  0.00008
 107.27 0.00109  0.00010 112.99 0.00152  0.00014 118.97 0.00319  0.00030
 125.32 0.00498  0.00047 132.21 0.00352  0.00033 139.96 0.00846  0.00080
 4275.000  36  0.020   1.00   0.00   1.00 PI0  DSG  KU(14)P  JLAB PRL
 KUNKEL, PC 06-19-14, G12
  30.75 0.10877  0.01038  34.09 0.14846  0.01416  37.17 0.13305  0.01269
  40.04 0.10331  0.00985  42.75 0.09244  0.00882  45.32 0.09428  0.00899
  47.79 0.10313  0.00984  50.16 0.09815  0.00936  52.46 0.08779  0.00837
  54.68 0.05911  0.00564  56.85 0.03583  0.00342  58.96 0.02646  0.00252
  61.03 0.01535  0.00146  63.06 0.01522  0.00145  65.05 0.00551  0.00053
  67.01 0.01002  0.00096  68.94 0.03913  0.00037  70.84 0.01015  0.00010
  74.60 0.00038  0.00004  76.44 0.00179  0.00017  78.28 0.00107  0.00010
  80.10 0.00130  0.00012  81.92 0.00156  0.00015  83.72 0.00096  0.00009
  85.52 0.00137  0.00013  87.31 0.00094  0.00009  89.10 0.00141  0.00013
  91.79 0.00152  0.00015  96.28 0.00188  0.00018 101.72 0.00102  0.00010
 107.27 0.00199  0.00019 112.99 0.00263  0.00025 118.97 0.00176  0.00017
 125.32 0.00562  0.00054 132.21 0.00457  0.00044 139.96 0.00382  0.00036
 4325.000  35  0.020   1.00   0.00   1.00 PI0  DSG  KU(14)P  JLAB PRL
 KUNKEL, PC 06-19-14, G12
  30.75 0.09990  0.00958  34.09 0.08870  0.00851  37.17 0.14322  0.01374
  40.04 0.12318  0.01182  42.75 0.12542  0.01203  45.32 0.12272  0.01177
  47.79 0.10141  0.00973  50.16 0.11301  0.01084  52.46 0.09439  0.00906
  54.68 0.07010  0.00673  56.85 0.03055  0.00293  58.96 0.02745  0.00263
  61.03 0.01448  0.00139  63.06 0.00608  0.00058  65.05 0.01116  0.00107
  67.01 0.00145  0.00014  68.94 0.00099  0.00010  70.84 0.00055  0.00005
  74.60 0.00057  0.00006  76.44 0.00157  0.00015  78.28 0.00169  0.00016
  80.10 0.00044  0.00004  81.92 0.00078  0.00008  83.72 0.00110  0.00011
  85.52 0.00049  0.00005  87.31 0.00244  0.00023  89.10 0.00153  0.00015
  91.79 0.00183  0.00018  96.28 0.00120  0.00012 101.72 0.00076  0.00007
 107.27 0.00152  0.00015 112.99 0.00298  0.00029 118.97 0.00350  0.00034
 125.32 0.00687  0.00066 132.21 0.00710  0.00068   0.00 0.00000  0.00000
 4375.000  32  0.020   1.00   0.00   1.00 PI0  DSG  KU(14)P  JLAB PRL
 KUNKEL, PC 06-19-14, G12
  37.17 0.18101  0.01747  40.04 0.12892  0.01244  42.75 0.10717  0.01034
  45.32 0.09892  0.00954  47.79 0.09026  0.00871  50.16 0.09198  0.00888
  52.46 0.09209  0.00889  54.68 0.04505  0.00435  56.85 0.03170  0.00306
  58.96 0.02851  0.00275  61.03 0.02336  0.00225  63.06 0.01140  0.00110
  65.05 0.00664  0.00064  67.01 0.00546  0.00053  68.94 0.00118  0.00011
  72.73 0.00191  0.00019  74.60 0.00057  0.00006  76.44 0.00118  0.00011
  78.28 0.00110  0.00011  80.10 0.00103  0.00010  81.92 0.00146  0.00014
  83.72 0.00155  0.00015  85.52 0.00101  0.00010  87.31 0.00087  0.00008
  91.79 0.00133  0.00013  96.28 0.00181  0.00018 101.72 0.00165  0.00016
 107.27 0.00065  0.00006 112.99 0.00177  0.00017 118.97 0.00137  0.00013
 125.32 0.00491  0.00047 132.21 0.00542  0.00052   0.00 0.00000  0.00000
 4425.000  35  0.020   1.00   0.00   1.00 PI0  DSG  KU(14)P  JLAB PRL
 KUNKEL, PC 06-19-14, G12
  34.09 0.06788  0.00659  37.17 0.09501  0.00922  40.04 0.12697  0.01232
  42.75 0.08894  0.00863  45.32 0.07869  0.00764  47.79 0.10047  0.00975
  50.16 0.12053  0.01170  52.46 0.08154  0.00791  54.68 0.03096  0.00300
  56.85 0.03028  0.00294  58.96 0.03265  0.00317  61.03 0.02295  0.00223
  63.06 0.01080  0.00105  65.05 0.00951  0.00092  67.01 0.00234  0.00023
  68.94 0.00006  0.00001  70.84 0.00126  0.00012  72.73 0.00077  0.00007
  74.60 0.00076  0.00007  76.44 0.00119  0.00012  78.28 0.00139  0.00014
  80.10 0.00067  0.00007  81.92 0.00050  0.00005  83.72 0.00098  0.00010
  85.52 0.00135  0.00013  87.31 0.00171  0.00017  89.10 0.00221  0.00021
  91.79 0.00076  0.00007  96.28 0.00153  0.00015 101.72 0.00111  0.00011
 107.27 0.00162  0.00016 112.99 0.00320  0.00031 118.97 0.00486  0.00047
 125.32 0.00453  0.00044 132.21 0.01114  0.00108   0.00 0.00000  0.00000
 4475.000  37  0.020   1.00   0.00   1.00 PI0  DSG  KU(14)P  JLAB PRL
 KUNKEL, PC 06-19-14, G12
  30.75 0.12399  0.01210  34.09 0.05761  0.00562  37.17 0.12516  0.01221
  40.04 0.10132  0.00989  42.75 0.11503  0.01123  45.32 0.08883  0.00867
  47.79 0.11072  0.01080  50.16 0.08049  0.00785  52.46 0.06621  0.00646
  54.68 0.04215  0.00411  56.85 0.02654  0.00259  58.96 0.02202  0.00215
  61.03 0.01791  0.00175  63.06 0.00972  0.00095  65.05 0.00188  0.00018
  67.01 0.00265  0.00026  68.94 0.00102  0.00010  70.84 0.00025  0.00003
  72.73 0.00060  0.00006  74.60 0.00124  0.00012  76.44 0.00118  0.00012
  78.28 0.00069  0.00007  80.10 0.00033  0.00003  81.92 0.00096  0.00009
  83.72 0.00036  0.00003  85.52 0.00191  0.00019  87.31 0.00079  0.00008
  89.10 0.00153  0.00015  91.79 0.00166  0.00016  96.28 0.00100  0.00010
 101.72 0.00082  0.00008 107.27 0.00079  0.00008 112.99 0.00191  0.00019
 118.97 0.00415  0.00041 125.32 0.00649  0.00063 132.21 0.00332  0.00032
 139.96 0.00730  0.00071   0.00 0.00000  0.00000   0.00 0.00000  0.00000
 4525.000  35  0.020   1.00   0.00   1.00 PI0  DSG  KU(14)P  JLAB PRL
 KUNKEL, PC 06-19-14, G12
  34.09 0.16915  0.01660  37.17 0.19662  0.01930  40.04 0.10711  0.01051
  42.75 0.09400  0.00923  45.32 0.09336  0.00916  47.79 0.10434  0.01024
  50.16 0.08064  0.00791  52.46 0.07114  0.00698  54.68 0.02958  0.00290
  56.85 0.02538  0.00249  58.96 0.02042  0.00200  61.03 0.01690  0.00166
  63.06 0.00563  0.00055  65.05 0.00827  0.00081  67.01 0.00556  0.00055
  68.94 0.00101  0.00010  70.84 0.00024  0.00002  74.60 0.00067  0.00007
  76.44 0.00224  0.00022  78.28 0.00130  0.00013  80.10 0.00098  0.00010
  81.92 0.00033  0.00003  83.72 0.00092  0.00009  85.52 0.00057  0.00006
  87.31 0.00155  0.00015  89.10 0.00079  0.00008  91.79 0.00097  0.00010
  96.28 0.00179  0.00018 101.72 0.00079  0.00008 107.27 0.00094  0.00009
 112.99 0.00202  0.00020 118.97 0.00217  0.00021 125.32 0.00471  0.00046
 132.21 0.00657  0.00065 139.96 0.00489  0.00048   0.00 0.00000  0.00000
 4575.000  34  0.020   1.00   0.00   1.00 PI0  DSG  KU(14)P  JLAB PRL
 KUNKEL, PC 06-19-14, G12
  34.09 0.08053  0.00795  37.17 0.14182  0.01400  40.04 0.12285  0.01212
  42.75 0.10506  0.01037  45.32 0.07756  0.00766  47.79 0.10637  0.01050
  50.16 0.07238  0.00714  52.46 0.06529  0.00644  54.68 0.02969  0.00293
  56.85 0.02287  0.00226  58.96 0.01826  0.00180  61.03 0.01135  0.00112
  63.06 0.00779  0.00077  65.05 0.00531  0.00052  67.01 0.00139  0.00014
  68.94 0.00105  0.00010  72.73 0.00066  0.00007  74.60 0.00111  0.00011
  76.44 0.00130  0.00013  78.28 0.00038  0.00004  80.10 0.00035  0.00004
  81.92 0.00075  0.00007  83.72 0.00108  0.00011  85.52 0.00052  0.00005
  87.31 0.00161  0.00016  89.10 0.00102  0.00010  91.79 0.00224  0.00022
  96.28 0.00058  0.00006 101.72 0.00053  0.00005 107.27 0.00100  0.00010
 112.99 0.00212  0.00021 118.97 0.00293  0.00029 125.32 0.00354  0.00035
 132.21 0.00967  0.00096   0.00 0.00000  0.00000   0.00 0.00000  0.00000
 4625.000  36  0.020   1.00   0.00   1.00 PI0  DSG  KU(14)P  JLAB PRL
 KUNKEL, PC 06-19-14, G12
  30.75 0.12942  0.01285  34.09 0.14481  0.01437  37.17 0.14791  0.01468
  40.04 0.11934  0.01184  42.75 0.08930  0.00886  45.32 0.08963  0.00890
  47.79 0.11660  0.01157  50.16 0.07585  0.00753  52.46 0.05395  0.00536
  54.68 0.03122  0.00310  56.85 0.01824  0.00181  58.96 0.02194  0.00218
  61.03 0.01281  0.00127  63.06 0.00535  0.00053  65.05 0.00359  0.00036
  67.01 0.00307  0.00031  68.94 0.00048  0.00005  72.73 0.00093  0.00009
  74.60 0.00039  0.00004  76.44 0.00136  0.00014  78.28 0.00240  0.00024
  80.10 0.00067  0.00007  81.92 0.00025  0.00003  83.72 0.00073  0.00007
  85.52 0.00104  0.00010  87.31 0.00123  0.00012  89.10 0.00094  0.00009
  91.79 0.00172  0.00017  96.26 0.00074  0.00007 101.72 0.00101  0.00010
 107.27 0.00133  0.00013 112.99 0.00192  0.00019 118.97 0.00086  0.00009
 125.32 0.00526  0.00052 132.21 0.00340  0.00034 139.96 0.00785  0.00078
 4675.000  32  0.020   1.00   0.00   1.00 PI0  DSG  KU(14)P  JLAB PRL
 KUNKEL, PC 06-19-14, G12
  37.17 0.12510  0.01249  40.04 0.10095  0.01008  42.75 0.14146  0.01412
  45.32 0.08289  0.00827  47.79 0.10400  0.01038  50.16 0.08051  0.00804
  52.46 0.04362  0.00435  54.68 0.02707  0.00270  56.85 0.01605  0.00160
  58.96 0.01504  0.00150  61.03 0.01112  0.00111  63.06 0.00548  0.00055
  65.05 0.00191  0.00019  67.01 0.00039  0.00004  72.73 0.00103  0.00010
  76.44 0.00081  0.00008  78.28 0.00043  0.00004  80.10 0.00083  0.00008
  81.92 0.00172  0.00017  83.72 0.00091  0.00009  85.52 0.00037  0.00004
  87.31 0.00112  0.00011  89.10 0.00054  0.00005  91.79 0.00040  0.00004
  96.28 0.00073  0.00007 101.72 0.00104  0.00010 107.27 0.00140  0.00014
 112.99 0.00185  0.00018 118.97 0.00142  0.00014 125.32 0.00171  0.00017
 132.21 0.00548  0.00055 139.96 0.00265  0.00027   0.00 0.00000  0.00000
 4725.000  33  0.020   1.00   0.00   1.00 PI0  DSG  KU(14)P  JLAB PRL
 KUNKEL, PC 06-19-14, G12
  30.75 0.17598  0.01766  37.17 0.13577  0.01363  40.04 0.11459  0.01150
  42.75 0.12491  0.01254  45.32 0.08942  0.00898  47.79 0.08979  0.00901
  50.16 0.06606  0.00663  52.46 0.03470  0.00348  54.68 0.02280  0.00229
  56.85 0.01809  0.00182  58.96 0.01554  0.00156  61.03 0.00869  0.00087
  63.06 0.00648  0.00065  65.05 0.00348  0.00035  67.01 0.00072  0.00007
  68.94 0.00118  0.00012  70.85 0.00103  0.00010  72.73 0.00032  0.00003
  74.60 0.00081  0.00008  78.28 0.00100  0.00010  80.10 0.00153  0.00015
  81.92 0.00162  0.00016  83.72 0.00073  0.00007  87.31 0.00092  0.00009
  89.10 0.00064  0.00007  91.79 0.00084  0.00008  96.28 0.00023  0.00002
 101.72 0.00107  0.00011 107.27 0.00114  0.00012 112.99 0.00246  0.00025
 118.97 0.00256  0.00026 125.32 0.00601  0.00060 132.21 0.00429  0.00043
 4775.000  34  0.020   1.00   0.00   1.00 PI0  DSG  KU(14)P  JLAB PRL
 KUNKEL, PC 06-19-14, G12
  30.75 0.50672  0.05114  34.09 0.10395  0.01049  37.17 0.11479  0.01159
  40.04 0.13799  0.01393  42.75 0.09169  0.00925  45.32 0.08714  0.00879
  47.79 0.09863  0.00995  50.16 0.06705  0.00677  52.46 0.02791  0.00282
  54.68 0.02575  0.00260  56.85 0.02208  0.00223  58.96 0.01412  0.00143
  61.03 0.00964  0.00097  63.06 0.00718  0.00073  65.05 0.00181  0.00018
  67.01 0.00102  0.00010  70.84 0.00032  0.00003  72.73 0.00151  0.00015
  76.44 0.00046  0.00005  78.28 0.00060  0.00006  80.10 0.00127  0.00013
  81.92 0.00083  0.00008  83.72 0.00102  0.00010  85.52 0.00029  0.00003
  87.31 0.00161  0.00016  91.79 0.00084  0.00009  96.28 0.00119  0.00012
 101.72 0.00100  0.00010 107.27 0.00111  0.00011 112.99 0.00158  0.00016
 118.97 0.00200  0.00020 125.32 0.00447  0.00045 132.21 0.00342  0.00035
 139.96 0.00337  0.00034   0.00 0.00000  0.00000   0.00 0.00000  0.00000
 4825.000  33  0.020   1.00   0.00   1.00 PI0  DSG  KU(14)P  JLAB PRL
 KUNKEL, PC 06-19-14, G12
  34.09 0.16320  0.01656  37.17 0.12984  0.01318  40.04 0.12250  0.01243
  42.75 0.08433  0.00856  45.32 0.12243  0.01243  47.79 0.09008  0.00914
  50.16 0.08105  0.00823  52.46 0.03454  0.00351  54.68 0.03039  0.00308
  56.85 0.02897  0.00294  58.96 0.01455  0.00148  61.03 0.00720  0.00073
  63.06 0.00350  0.00036  65.05 0.00137  0.00014  67.01 0.00018  0.00002
  68.94 0.00122  0.00012  70.84 0.00079  0.00008  74.60 0.00111  0.00011
  76.44 0.00039  0.00004  78.28 0.00079  0.00008  80.10 0.00126  0.00013
  81.92 0.00106  0.00011  83.72 0.00208  0.00021  87.31 0.00046  0.00005
  91.79 0.00116  0.00012  96.28 0.00051  0.00005 101.72 0.00052  0.00005
 107.27 0.00182  0.00018 112.99 0.00084  0.00009 118.97 0.00104  0.00011
 125.32 0.00674  0.00068 132.21 0.00170  0.00017 149.25 0.00459  0.00047
 4875.000  35  0.020   1.00   0.00   1.00 PI0  DSG  KU(14)P  JLAB PRL
 KUNKEL, PC 06-19-14, G12
  34.09 0.13663  0.01394  37.17 0.13102  0.01337  40.04 0.09603  0.00980
  42.75 0.08512  0.00869  45.32 0.10920  0.01114  47.79 0.06785  0.00692
  50.16 0.05440  0.00555  52.46 0.02415  0.00247  54.68 0.02175  0.00222
  56.85 0.01499  0.00153  58.96 0.00785  0.00080  61.03 0.00672  0.00069
  63.06 0.00293  0.00030  65.05 0.00111  0.00011  68.94 0.00036  0.00004
  70.84 0.00122  0.00012  72.73 0.00038  0.00004  74.60 0.00073  0.00008
  76.44 0.00079  0.00008  78.28 0.00045  0.00005  80.10 0.00057  0.00006
  81.92 0.00052  0.00005  83.72 0.00075  0.00008  85.52 0.00190  0.00019
  87.31 0.00154  0.00016  89.10 0.00042  0.00004  91.79 0.00026  0.00003
  96.28 0.00103  0.00011 101.72 0.00097  0.00010 107.27 0.00076  0.00008
 112.99 0.00207  0.00021 118.97 0.00160  0.00016 125.32 0.00255  0.00026
 132.21 0.00263  0.00027 139.96 0.00868  0.00089   0.00 0.00000  0.00000
 4925.000  31  0.020   1.00   0.00   1.00 PI0  DSG  KU(14)P  JLAB PRL
 KUNKEL, PC 06-19-14, G12
  34.09 0.19679  0.02019  37.17 0.09560  0.00981  40.04 0.08689  0.00892
  42.75 0.10153  0.01042  45.32 0.08221  0.00844  47.79 0.08677  0.00890
  50.16 0.05235  0.00537  52.46 0.01925  0.00198  54.68 0.02201  0.00226
  56.85 0.01004  0.00103  58.96 0.00883  0.00091  61.03 0.00555  0.00057
  63.06 0.00217  0.00022  65.05 0.00050  0.00005  67.01 0.00095  0.00010
  70.84 0.00039  0.00004  72.73 0.00081  0.00008  76.44 0.00037  0.00004
  80.10 0.00092  0.00009  81.92 0.00076  0.00008  83.72 0.00016  0.00002
  87.31 0.00054  0.00006  89.10 0.00047  0.00005  91.79 0.00045  0.00005
  96.28 0.00033  0.00003 101.72 0.00047  0.00005 107.27 0.00106  0.00011
 112.99 0.00118  0.00012 118.97 0.00193  0.00020 125.32 0.00319  0.00033
 132.21 0.00182  0.00019   0.00 0.00000  0.00000   0.00 0.00000  0.00000
 4975.000  33  0.020   1.00   0.00   1.00 PI0  DSG  KU(14)P  JLAB PRL
 KUNKEL, PC 06-19-14, G12
  34.09 0.19289  0.01990  37.17 0.08111  0.00837  40.04 0.08286  0.00855
  42.75 0.07557  0.00780  45.32 0.09024  0.00931  47.79 0.05895  0.00608
  50.16 0.04978  0.00514  52.46 0.02613  0.00270  54.68 0.01893  0.00195
  56.85 0.01405  0.00145  58.96 0.00877  0.00091  61.03 0.00398  0.00041
  63.06 0.00285  0.00029  65.05 0.00165  0.00017  70.84 0.00039  0.00004
  72.73 0.00088  0.00009  74.60 0.00195  0.00020  76.44 0.00058  0.00006
  78.28 0.00091  0.00009  80.10 0.00132  0.00014  81.92 0.00029  0.00003
  83.72 0.00066  0.00007  85.52 0.00025  0.00003  87.31 0.00076  0.00008
  91.79 0.00040  0.00004  96.28 0.00034  0.00004 101.72 0.00101  0.00010
 107.27 0.00115  0.00012 112.99 0.00078  0.00008 118.97 0.00090  0.00009
 125.32 0.00485  0.00050 132.21 0.00471  0.00049 139.96 0.00601  0.00062
 5025.000  34  0.020   1.00   0.00   1.00 PI0  DSG  KU(14)P  JLAB PRL
 KUNKEL, PC 06-19-14, G12
  30.75 0.26852  0.02786  37.17 0.10806  0.01121  40.04 0.09988  0.01036
  42.75 0.10113  0.01049  45.32 0.08453  0.00877  47.79 0.09633  0.00999
  50.16 0.04761  0.00494  52.46 0.02780  0.00288  54.68 0.02317  0.00240
  56.85 0.01169  0.00121  58.96 0.02051  0.00213  61.03 0.00653  0.00068
  63.06 0.00273  0.00028  65.05 0.00039  0.00004  67.01 0.00012  0.00001
  68.94 0.00044  0.00005  70.84 0.00022  0.00002  72.73 0.00122  0.00013
  76.44 0.00098  0.00010  78.28 0.00037  0.00004  80.10 0.00230  0.00024
  81.92 0.00036  0.00004  83.72 0.00048  0.00005  85.52 0.00033  0.00003
  87.31 0.00033  0.00003  89.10 0.00065  0.00007  91.79 0.00043  0.00004
  96.28 0.00033  0.00003 101.72 0.00026  0.00003 107.27 0.00041  0.00004
 112.99 0.00239  0.00025 118.97 0.00039  0.00004 125.32 0.00341  0.00035
 139.96 0.00370  0.00038   0.00 0.00000  0.00000   0.00 0.00000  0.00000
 5075.000  33  0.020   1.00   0.00   1.00 PI0  DSG  KU(14)P  JLAB PRL
 KUNKEL, PC 06-19-14, G12
  34.09 0.05427  0.00566  37.17 0.11287  0.01178  40.04 0.06537  0.00682
  42.75 0.08772  0.00915  45.32 0.08103  0.00845  47.79 0.07509  0.00783
  50.16 0.02576  0.00269  52.46 0.01594  0.00166  54.68 0.01654  0.00173
  56.85 0.01300  0.00136  58.96 0.00731  0.00076  61.03 0.00630  0.00066
  65.05 0.00014  0.00002  67.01 0.00105  0.00011  68.94 0.00040  0.00004
  70.84 0.00032  0.00003  72.73 0.00093  0.00010  74.60 0.00140  0.00015
  76.44 0.00094  0.00010  80.10 0.00036  0.00004  81.92 0.00053  0.00006
  85.52 0.00107  0.00011  87.31 0.00039  0.00004  89.10 0.00005  0.00001
  91.79 0.00019  0.00002  96.28 0.00035  0.00004 101.72 0.00029  0.00003
 107.27 0.00102  0.00011 112.99 0.00128  0.00013 118.97 0.00108  0.00011
 125.32 0.00136  0.00014 132.21 0.00441  0.00046 139.96 0.00243  0.00025
 5125.000  33  0.020   1.00   0.00   1.00 PI0  DSG  KU(14)P  JLAB PRL
 KUNKEL, PC 06-19-14, G12
  30.75 0.38591  0.04048  34.09 0.11186  0.01173  37.17 0.08263  0.00867
  40.04 0.10595  0.01111  42.75 0.10368  0.01088  45.32 0.07628  0.00800
  47.79 0.08506  0.00892  50.16 0.02717  0.00285  52.46 0.02141  0.00225
  54.68 0.00878  0.00092  56.84 0.01138  0.00119  58.96 0.00602  0.00063
  61.03 0.00442  0.00046  63.06 0.00123  0.00013  65.05 0.00043  0.00005
  68.94 0.00046  0.00005  70.84 0.00140  0.00015  72.73 0.00090  0.00008
  76.44 0.00127  0.00013  78.28 0.00022  0.00002  80.10 0.00067  0.00007
  81.92 0.00036  0.00004  85.52 0.00037  0.00004  89.10 0.00029  0.00003
  91.79 0.00028  0.00003  96.28 0.00038  0.00004 101.72 0.00080  0.00008
 107.27 0.00097  0.00010 112.99 0.00094  0.00010 118.97 0.00039  0.00004
 125.32 0.00284  0.00030 132.21 0.00396  0.00042 139.96 0.00324  0.00034
 5175.000  31  0.020   1.00   0.00   1.00 PI0  DSG  KU(14)P  JLAB PRL
 KUNKEL, PC 06-19-14, G12
  34.09 0.11545  0.01218  37.17 0.14033  0.01480  40.04 0.11685  0.01232
  42.75 0.08909  0.00940  45.32 0.07991  0.00843  47.79 0.08016  0.00845
  50.16 0.03041  0.00321  52.46 0.02326  0.00245  54.68 0.01781  0.00188
  56.85 0.01107  0.00117  58.96 0.09900  0.00104  61.03 0.00349  0.00037
  63.06 0.00065  0.00007  65.05 0.00129  0.00014  67.01 0.00036  0.00004
  70.84 0.00056  0.00006  72.73 0.00109  0.00012  76.44 0.00083  0.00009
  78.28 0.00078  0.00008  80.10 0.00069  0.00007  87.31 0.00032  0.00003
  89.10 0.00010  0.00001  91.79 0.00035  0.00004  96.28 0.00060  0.00006
 101.72 0.00089  0.00009 107.27 0.00071  0.00008 112.99 0.00118  0.00013
 118.97 0.00099  0.00011 125.32 0.00172  0.00018 132.21 0.00543  0.00057
 139.96 0.00183  0.00019   0.00 0.00000  0.00000   0.00 0.00000  0.00000
 5225.000  32  0.020   1.00   0.00   1.00 PI0  DSG  KU(14)P  JLAB PRL
 KUNKEL, PC 06-19-14, G12
  34.09 0.22901  0.02428  37.17 0.08092  0.00858  40.04 0.08716  0.00924
  42.75 0.09473  0.01004  45.32 0.07233  0.00767  47.79 0.07152  0.00758
  50.16 0.02934  0.00311  52.46 0.02497  0.00265  54.68 0.01067  0.00113
  56.85 0.01091  0.00116  58.96 0.00627  0.00067  61.03 0.00186  0.00020
  63.06 0.00062  0.00007  67.01 0.00005  0.00001  70.84 0.00173  0.00018
  72.73 0.00098  0.00010  74.60 0.00076  0.00008  76.44 0.00053  0.00006
  78.28 0.00035  0.00004  80.10 0.00057  0.00006  81.92 0.00059  0.00006
  85.52 0.00021  0.00002  87.31 0.00069  0.00007  91.79 0.00053  0.00006
  96.28 0.00043  0.00005 101.72 0.00051  0.00005 107.27 0.00122  0.00013
 112.99 0.00079  0.00008 118.97 0.00143  0.00015 125.32 0.00306  0.00032
 132.21 0.00487  0.00052 139.96 0.00079  0.00008   0.00 0.00000  0.00000
 5275.000  28  0.020   1.00   0.00   1.00 PI0  DSG  KU(14)P  JLAB PRL
 KUNKEL, PC 06-19-14, G12
  34.09 0.09372  0.01000  37.17 0.10249  0.01093  40.04 0.10515  0.01121
  42.75 0.09385  0.01001  45.32 0.07364  0.00785  47.79 0.05148  0.00549
  50.16 0.01586  0.00169  52.46 0.02272  0.00242  54.68 0.01201  0.00128
  56.85 0.01131  0.00121  58.96 0.00666  0.00071  61.03 0.00326  0.00035
  63.06 0.00228  0.00024  65.05 0.00050  0.00005  70.84 0.00145  0.00016
  72.73 0.00145  0.00015  78.28 0.00177  0.00019  80.10 0.00128  0.00014
  81.92 0.00073  0.00008  85.52 0.00039  0.00004  91.79 0.00057  0.00006
  96.28 0.00021  0.00002 101.72 0.00036  0.00004 112.99 0.00034  0.00004
 118.97 0.00080  0.00009 125.32 0.00153  0.00016 132.21 0.00120  0.00013
 139.96 0.00118  0.00013   0.00 0.00000  0.00000   0.00 0.00000  0.00000
 5325.000  30  0.020   1.00   0.00   1.00 PI0  DSG  KU(14)P  JLAB PRL
 KUNKEL, PC 06-19-14, G12
  34.09 0.14690  0.01574  37.17 0.07809  0.00837  40.04 0.10727  0.01150
  42.75 0.05565  0.00597  45.32 0.09117  0.00977  47.79 0.06254  0.00670
  50.16 0.01533  0.00164  52.46 0.01948  0.00209  54.68 0.00934  0.00100
  56.85 0.00535  0.00057  58.96 0.00587  0.00063  61.03 0.00330  0.00035
  63.06 0.00058  0.00006  70.84 0.00095  0.00010  72.73 0.00096  0.00010
  74.60 0.00078  0.00008  76.44 0.00058  0.00006  78.28 0.00121  0.00013
  83.72 0.00031  0.00003  85.52 0.00024  0.00003  87.31 0.00018  0.00002
  89.10 0.00010  0.00001  91.79 0.00010  0.00001  96.28 0.00010  0.00001
 107.27 0.00127  0.00014 112.99 0.00022  0.00002 118.97 0.00052  0.00006
 125.32 0.00152  0.00016 132.21 0.00393  0.00042 139.96 0.00101  0.00011
 5375.000  32  0.020   1.00   0.00   1.00 PI0  DSG  KU(14)P  JLAB PRL
 KUNKEL, PC 06-19-14, G12
  34.09 0.17111  0.01844  37.17 0.09775  0.01053  40.04 0.13766  0.01483
  42.75 0.08499  0.00916  45.32 0.07850  0.00846  47.79 0.04369  0.00471
  50.16 0.01924  0.00207  52.46 0.01398  0.00151  54.68 0.00813  0.00088
  56.85 0.00779  0.00084  58.96 0.01166  0.00126  61.03 0.00997  0.00011
  63.06 0.00987  0.00011  70.84 0.00569  0.00006  72.73 0.00066  0.00007
  76.44 0.00078  0.00008  78.28 0.00025  0.00003  80.10 0.00078  0.00008
  81.92 0.00033  0.00004  83.72 0.00051  0.00006  85.52 0.00054  0.00006
  87.31 0.00071  0.00008  89.10 0.00052  0.00006  91.79 0.00035  0.00004
 101.72 0.00048  0.00005 107.27 0.00093  0.00010 112.99 0.00064  0.00007
 118.97 0.00067  0.00007 125.32 0.00080  0.00009 132.21 0.00072  0.00008
 139.96 0.00561  0.00060   0.00 0.00000  0.00000   0.00 0.00000  0.00000
 5425.000  31  0.020   1.00   0.00   1.00 PI0  DSG  KU(14)P  JLAB PRL
 KUNKEL, PC 06-19-14, G12
  34.09 0.13195  0.01430  37.17 0.06898  0.00747  40.04 0.09357  0.01014
  42.75 0.08043  0.00871  45.32 0.08984  0.00973  47.79 0.03508  0.00380
  50.16 0.01655  0.00179  52.46 0.01656  0.00179  54.68 0.01079  0.00117
  56.85 0.01076  0.00117  58.96 0.00178  0.00019  63.06 0.00048  0.00005
  67.01 0.00084  0.00009  68.94 0.00014  0.00002  74.60 0.00039  0.00004
  76.44 0.00044  0.00005  78.28 0.00054  0.00006  80.10 0.00061  0.00007
  83.72 0.00125  0.00014  85.52 0.00012  0.00001  87.31 0.00030  0.00003
  89.10 0.00018  0.00002  91.79 0.00033  0.00004  96.28 0.00045  0.00005
 101.72 0.00040  0.00004 107.27 0.00016  0.00002 112.99 0.00087  0.00009
 118.97 0.00134  0.00015 125.32 0.00116  0.00013 132.21 0.00073  0.00008
 139.96 0.00252  0.00027   0.00 0.00000  0.00000   0.00 0.00000  0.00000
